0 0 0
0.001 -0.0131628 -0.0129815 0.990369
0.002 0.0303023 0.0308332 0.980745
0.003 0.132924 0.133978 0.971129
0.004 0.298324 0.300082 0.961522
0.005 0.531277 0.533929 0.951927
0.006 0.83778 0.841531 0.942345
0.007 1.22515 1.23022 0.932778
0.008 1.70215 1.70877 0.92323
0.009 2.27911 2.28754 0.913703
0.01 2.96811 2.97864 0.904202
0.011 3.78316 3.79609 0.89473
0.012 4.74045 4.75611 0.885293
0.013 5.85855 5.8773 0.875896
0.014 7.15873 7.18097 0.866547
0.015 8.66527 8.69141 0.857254
0.016 10.4058 10.4363 0.848025
0.017 12.4116 12.4468 0.838874
0.018 14.7181 14.7586 0.829811
0.019 17.3653 17.4114 0.820854
0.02 20.3978 20.4499 0.812018
0.021 23.8657 23.924 0.803326
0.022 27.8243 27.889 0.794799
0.023 32.3345 32.4056 0.786466
0.024 37.4629 37.5399 0.778358
0.025 43.281 43.3632 0.770509
0.026 49.8646 49.9509 0.762959
0.027 57.2929 57.3814 0.755752
0.028 65.646 65.7345 0.748936
0.029 75.0029 75.0884 0.742565
0.03 85.438 85.517 0.736693
0.031 97.0173 97.086 0.731379
0.032 109.794 109.848 0.72668
0.033 123.804 123.841 0.722655
0.034 139.062 139.079 0.719356
0.035 155.558 155.554 0.71683
0.036 173.258 173.233 0.715117
0.037 192.102 192.057 0.714243
0.038 212.006 211.945 0.714224
0.039 232.867 232.795 0.715059
0.04 254.573 254.495 0.716737
0.041 277.002 276.923 0.719124
0.042 300.033 299.959 0.720593
0.043 323.553 323.488 0.722794
0.044 347.461 347.41 0.725695
0.045 371.675 371.64 0.725464
0.046 396.137 396.122 0.725326
0.047 420.82 420.829 0.725669
0.048 445.737 445.774 0.726497
0.049 470.953 471.022 0.72781
0.05 496.593 496.699 0.729602
0.051 522.863 523.01 0.730109
0.052 550.063 550.254 0.729103
0.053 578.6 578.835 0.720028
0.054 608.992 609.262 0.706226
0.055 641.845 642.127 0.693282
0.056 677.78 678.034 0.681504
0.057 717.298 717.467 0.671242
0.058 760.572 760.602 0.662879
0.059 807.217 807.087 0.656791
0.06 856.162 855.911 0.653297
0.061 905.732 905.458 0.652603
0.062 953.996 953.812 0.65476
0.063 999.215 999.192 0.659649
0.064 1040.2 1040.34 0.667016
0.065 1076.43 1076.7 0.676521
0.066 1108.01 1108.34 0.687795
0.067 1135.42 1135.77 0.700487
0.068 1159.39 1159.71 0.714288
0.069 1180.69 1180.98 0.728943
0.07 1200.1 1200.36 0.72576
0.071 1218.33 1218.56 0.721375
0.072 1236.08 1236.29 0.717625
0.073 1254.08 1254.3 0.714567
0.074 1273.19 1273.45 0.712249
0.075 1294.57 1294.92 0.710711
0.076 1319.94 1320.47 0.709977
0.077 1351.97 1352.76 0.710059
0.078 1394.75 1395.9 0.692814
0.079 1454.4 1455.9 0.669243
0.08 1539.02 1540.57 0.64807
0.081 1656.99 1657.84 0.630443
0.082 1811.68 1810.98 0.617808
0.083 1994.3 1992.26 0.611606
0.084 2183.22 2181.51 0.612708
0.085 2355.4 2355.35 0.620955
0.086 2498.51 2499.92 0.635244
0.087 2613.18 2615.17 0.654089
0.088 2708.3 2710.3 0.676122
0.089 2795.81 2797.69 0.700305
0.09 2887.92 2889.68 0.685458
0.091 2996.04 2997.61 0.664752
0.092 3129.6 3130.65 0.646945
0.093 3293.05 3293.06 0.63324
0.094 3481.39 3480.22 0.624858
0.095 3678.92 3677.34 0.622726
0.096 3865.74 3864.87 0.627122
0.097 4027.91 4028.18 0.637559
0.098 4162.21 4163.27 0.653024
0.099 4273.6 4274.96 0.672368
0.1 4370.58 4372 0.690635
0.101 4462.14 4463.69 0.687824
0.102 4557.26 4559.15 0.686407
0.103 4665.67 4668.09 0.664767
0.104 4798.52 4801.23 0.640625
0.105 4966.38 4968.19 0.620336
0.106 5171.35 5170.69 0.605884
0.107 5396.61 5394.21 0.599239
0.108 5611.43 5610.96 0.601305
0.109 5796.09 5799.53 0.611041
0.11 5954.82 5960.19 0.622502
0.111 6107.23 6110.3 0.604273
0.112 6269.6 6267.39 0.592972
0.113 6437.23 6433.44 0.591836
0.114 6595.64 6595.58 0.601602
0.115 6739.96 6742.68 0.620347
0.116 6872.77 6875.6 0.621285
0.117 7001.64 7004 0.624288
0.118 7136.9 7139.07 0.632457
0.119 7287.46 7289.27 0.639027
0.12 7457.04 7458.05 0.628097
0.121 7641.54 7641.65 0.621841
0.122 7828.78 7828.58 0.620961
0.123 8003.09 8003.37 0.625574
0.124 8152.14 8153.13 0.635172
0.125 8270.71 8272.1 0.648837
0.126 8360.09 8361.48 0.665557
0.127 8425.11 8426.28 0.684443
0.128 8471.53 8472.41 0.704809
0.129 8504.41 8505.04 0.726165
0.13 8527.71 8528.15 0.727937
0.131 8544.32 8544.62 0.726214
0.132 8556.29 8556.5 0.72513
0.133 8565.12 8565.29 0.724699
0.134 8572.01 8572.17 0.724924
0.135 8578.03 8578.22 0.725801
0.136 8584.43 8584.7 0.727316
0.137 8592.85 8593.21 0.729448
0.138 8605.47 8605.9 0.732168
0.139 8624.89 8625.25 0.722965
0.14 8653.3 8653.34 0.701982
0.141 8690.89 8690.44 0.687469
0.142 8734.54 8733.68 0.680121
0.143 8778.3 8777.46 0.680344
0.144 8816.35 8815.93 0.688125
0.145 8845.7 8845.79 0.703033
0.146 8866.76 8867.17 0.724359
0.147 8881.9 8882.41 0.736755
0.148 8894.03 8894.59 0.733769
0.149 8906.06 8906.78 0.731403
0.15 8921.44 8922.66 0.729681
0.151 8946 8948.45 0.710836
0.152 8992.08 8997.12 0.670352
0.153 9087.54 9096.78 0.631994
0.154 9290.6 9301.34 0.598194
0.155 9680.68 9678.24 0.573719
0.156 10229.5 10214.3 0.565339
0.157 10750.3 10753.4 0.576467
0.158 11170.2 11191.8 0.602715
0.159 11635.3 11678.2 0.610828
0.16 12694.8 12742.5 0.559207
0.161 15082.2 14994.4 0.531436
0.162 17270.4 17298.3 0.550082
0.163 18403.4 18465.1 0.599239
0.164 18691.5 18799.3 0.600311
0.165 18711.2 18782.4 0.52854
0.166 19214.7 19029.3 0.511767
0.167 19090 19237.2 0.575634
0.168 19278.4 19310.2 0.661818
0.169 19330.9 19336.5 0.719451
0.17 19357.1 19358.2 0.719049
0.171 19383.4 19383.9 0.716607
0.172 19417.6 19418.1 0.711473
0.173 19464.6 19465.1 0.707212
0.174 19528 19528.2 0.699138
0.175 19606.7 19606.2 0.681394
0.176 19692.3 19691.2 0.67214
0.177 19771.9 19770.9 0.671982
0.178 19836.3 19836.2 0.680932
0.179 19886.1 19887 0.698397
0.18 19928.6 19930.2 0.706198
0.181 19971.8 19973.5 0.692751
0.182 20018.2 20019.1 0.668406
0.183 20062.3 20061.8 0.651428
0.184 20092.2 20090.4 0.64309
0.185 20099.1 20097.5 0.644167
0.186 20087.2 20086.9 0.65455
0.187 20070.9 20071.8 0.673312
0.188 20062.6 20063.9 0.699132
0.189 20067.6 20068.7 0.696323
0.19 20084.6 20085.4 0.688585
0.191 20110.3 20110.7 0.6828
0.192 20140.9 20141 0.67923
0.193 20172.9 20172.8 0.67808
0.194 20203.5 20203.4 0.679475
0.195 20230.7 20230.6 0.680492
0.196 20253.3 20253.2 0.676973
0.197 20270.9 20270.9 0.675285
0.198 20283.9 20283.9 0.675489
0.199 20292.9 20293 0.677578
0.2 20299 20299.2 0.681477
0.201 20303.1 20303.3 0.687054
0.202 20305.8 20306 0.694139
0.203 20307.8 20308 0.702541
0.204 20309.4 20309.6 0.712066
0.205 20310.9 20311.1 0.72253
0.206 20312.4 20312.6 0.733766
0.207 20314 20314.1 0.745625
0.208 20315.7 20315.8 0.757984
0.209 20317.6 20317.7 0.770732
0.21 20319.6 20319.7 0.78378
0.211 20321.7 20321.8 0.797048
0.212 20324 20324.1 0.809135
0.213 20326.4 20326.5 0.797079
0.214 20328.8 20328.9 0.785367
0.215 20331.4 20331.5 0.774065
0.216 20334 20334.1 0.763244
0.217 20336.6 20336.7 0.752978
0.218 20339 20339.2 0.743349
0.219 20341.2 20341.4 0.734443
0.22 20343 20343.1 0.726354
0.221 20343.9 20344.1 0.71918
0.222 20343.8 20343.9 0.710808
0.223 20342 20342.1 0.700721
0.224 20338.3 20338.4 0.691748
0.225 20332.3 20332.2 0.6841
0.226 20323.7 20323.6 0.677988
0.227 20312.7 20312.5 0.67361
0.228 20299.6 20299.4 0.671123
0.229 20285.1 20284.9 0.670622
0.23 20270.2 20270.1 0.672128
0.231 20255.8 20255.8 0.675581
0.232 20242.8 20242.8 0.680852
0.233 20231.5 20231.6 0.687761
0.234 20222.5 20222.6 0.696101
0.235 20215.6 20215.8 0.705658
0.236 20210.8 20211 0.716229
0.237 20207.8 20208 0.727629
0.238 20206.4 20206.6 0.739699
0.239 20206.4 20206.5 0.752307
0.24 20207.4 20207.5 0.765342
0.241 20209.4 20209.5 0.778716
0.242 20212.2 20212.3 0.785816
0.243 20215.7 20215.7 0.780555
0.244 20219.8 20219.8 0.775594
0.245 20224.4 20224.5 0.770956
0.246 20229.6 20229.7 0.766666
0.247 20235.4 20235.4 0.762749
0.248 20241.6 20241.6 0.759229
0.249 20248.3 20248.3 0.756129
0.25 20255.5 20255.5 0.753471
0.251 20263.2 20263.3 0.751274
0.252 20271.5 20271.6 0.749555
0.253 20280.5 20280.5 0.748327
0.254 20290.2 20290.2 0.747601
0.255 20300.7 20300.8 0.747382
0.256 20312.4 20312.5 0.74767
0.257 20325.5 20325.7 0.748462
0.258 20340.5 20340.7 0.749428
0.259 20357.8 20358 0.732375
0.26 20378.2 20378.5 0.716157
0.261 20402.5 20402.8 0.701005
0.262 20431.4 20431.6 0.687213
0.263 20465.4 20465.6 0.675135
0.264 20504.7 20504.7 0.665174
0.265 20548.5 20548.3 0.657747
0.266 20595.3 20594.9 0.653224
0.267 20642.5 20642 0.651864
0.268 20687.4 20687 0.653748
0.269 20727.9 20727.7 0.658763
0.27 20762.6 20762.7 0.666628
0.271 20791.3 20791.5 0.67696
0.272 20814.3 20814.6 0.68934
0.273 20832.6 20832.9 0.703371
0.274 20847 20847.3 0.71871
0.275 20858.5 20858.7 0.735074
0.276 20867.7 20868 0.752238
0.277 20875.4 20875.6 0.751708
0.278 20881.9 20882.1 0.742697
0.279 20887.6 20887.8 0.734122
0.28 20892.8 20892.9 0.726076
0.281 20897.5 20897.6 0.718659
0.282 20902 20902.1 0.711977
0.283 20906.4 20906.4 0.706139
0.284 20910.6 20910.6 0.701254
0.285 20914.6 20914.6 0.697421
0.286 20918.5 20918.5 0.694726
0.287 20922.1 20922.1 0.693235
0.288 20925.3 20925.3 0.692982
0.289 20927.9 20927.9 0.693976
0.29 20929.6 20929.7 0.696189
0.291 20930.4 20930.4 0.699568
0.292 20929.8 20929.9 0.704035
0.293 20927.5 20927.7 0.709492
0.294 20923.3 20923.4 0.715834
0.295 20916.6 20916.8 0.722949
0.296 20907 20907.2 0.711728
0.297 20894.1 20894.3 0.700693
0.298 20877.6 20877.7 0.690809
0.299 20857.1 20857.2 0.68231
0.3 20832.8 20832.8 0.675441
0.301 20805 20804.9 0.670436
0.302 20774.7 20774.6 0.667485
0.303 20743.1 20742.9 0.666711
0.304 20711.8 20711.6 0.668147
0.305 20682.1 20682 0.671733
0.306 20655.4 20655.4 0.67732
0.307 20632.4 20632.5 0.684702
0.308 20613.5 20613.6 0.693639
0.309 20598.7 20598.8 0.703889
0.31 20587.6 20587.8 0.715219
0.311 20579.9 20580.1 0.727426
0.312 20575.2 20575.3 0.732545
0.313 20572.8 20572.9 0.730157
0.314 20572.6 20572.6 0.728489
0.315 20574 20574.1 0.727565
0.316 20577 20577.1 0.7274
0.317 20581.4 20581.5 0.727998
0.318 20587.2 20587.3 0.729352
0.319 20594.5 20594.6 0.731448
0.32 20603.5 20603.6 0.734261
0.321 20614.7 20614.9 0.737759
0.322 20629 20629.2 0.741905
0.323 20647.3 20647.7 0.746656
0.324 20671.3 20671.8 0.730704
0.325 20703.3 20703.9 0.711782
0.326 20746.2 20746.9 0.693731
0.327 20803.6 20804.4 0.67692
0.328 20879.7 20880.4 0.661845
0.329 20978 20978.5 0.649126
0.33 21100.1 21100.1 0.639467
0.331 21243.7 21243.1 0.633553
0.332 21401.5 21400.7 0.631881
0.333 21563.6 21563 0.634603
0.334 21720.2 21720.1 0.641474
0.335 21864.8 21865.1 0.651935
0.336 21994.9 21995.5 0.665285
0.337 22111.1 22111.7 0.676023
0.338 22215.6 22216.2 0.682199
0.339 22311 22311.4 0.686073
0.34 22399.3 22399.7 0.681407
0.341 22481.9 22482.1 0.678528
0.342 22559 22559.2 0.677533
0.343 22630.3 22630.4 0.678458
0.344 22695.2 22695.3 0.681269
0.345 22753 22753.1 0.685873
0.346 22803.4 22803.5 0.692125
0.347 22846.3 22846.4 0.699851
0.348 22882 22882.2 0.708863
0.349 22911.3 22911.5 0.718976
0.35 22934.9 22935.1 0.730019
0.351 22953.7 22953.8 0.741838
0.352 22968.4 22968.5 0.754302
0.353 22979.9 22980 0.7673
0.354 22988.7 22988.8 0.780742
0.355 22995.5 22995.6 0.794552
0.356 23000.7 23000.7 0.80867
0.357 23004.6 23004.6 0.823048
0.358 23007.5 23007.5 0.837647
0.359 23009.6 23009.6 0.852435
0.36 23011.2 23011.2 0.867387
0.361 23012.3 23012.3 0.882482
0.362 23013.1 23013.1 0.897704
0.363 23013.6 23013.6 0.910028
0.364 23014 23014 0.909005
0.365 23014.2 23014.2 0.907661
0.366 23014.3 23014.3 0.906335
0.367 23014.3 23014.3 0.905029
0.368 23014.3 23014.3 0.903744
0.369 23014.3 23014.3 0.902479
0.37 23014.2 23014.2 0.901235
0.371 23014.1 23014.1 0.900013
0.372 23014 23014 0.898813
0.373 23013.8 23013.8 0.897637
0.374 23013.7 23013.7 0.896484
0.375 23013.6 23013.6 0.895355
0.376 23013.5 23013.5 0.894251
0.377 23013.4 23013.4 0.893172
0.378 23013.4 23013.4 0.89212
0.379 23013.3 23013.3 0.891094
0.38 23013.2 23013.2 0.890095
0.381 23013.2 23013.2 0.889125
0.382 23013.1 23013.1 0.888182
0.383 23013.1 23013.1 0.887268
0.384 23013.1 23013.1 0.886384
0.385 23013.1 23013.1 0.88553
0.386 23013.1 23013.1 0.884707
0.387 23013.1 23013.1 0.883914
0.388 23013.1 23013.1 0.883153
0.389 23013.1 23013.1 0.882425
0.39 23013.2 23013.2 0.881728
0.391 23013.2 23013.2 0.881065
0.392 23013.3 23013.3 0.880436
0.393 23013.3 23013.3 0.87984
0.394 23013.4 23013.4 0.879279
0.395 23013.5 23013.5 0.878753
0.396 23013.6 23013.6 0.878262
0.397 23013.8 23013.8 0.877806
0.398 23013.9 23013.9 0.877387
0.399 23014 23014 0.877003
0.4 23014.2 23014.2 0.876656
0.401 23014.4 23014.4 0.876346
0.402 23014.6 23014.6 0.876072
0.403 23014.8 23014.8 0.875836
0.404 23015.1 23015.1 0.875637
0.405 23015.4 23015.4 0.875476
0.406 23015.7 23015.7 0.875352
0.407 23016 23016 0.875266
0.408 23016.4 23016.4 0.875217
0.409 23016.8 23016.8 0.875207
0.41 23017.2 23017.2 0.874072
0.411 23017.8 23017.7 0.866392
0.412 23018.3 23018.3 0.858786
0.413 23018.9 23018.9 0.851261
0.414 23019.6 23019.6 0.843828
0.415 23020.4 23020.4 0.836496
0.416 23021.3 23021.3 0.829276
0.417 23022.3 23022.3 0.822183
0.418 23023.4 23023.4 0.815229
0.419 23024.6 23024.6 0.808431
0.42 23025.9 23025.9 0.801808
0.421 23027.4 23027.4 0.795377
0.422 23029.1 23029.1 0.78916
0.423 23030.9 23030.9 0.78318
0.424 23032.9 23032.9 0.777462
0.425 23035.2 23035.2 0.772032
0.426 23037.6 23037.6 0.766917
0.427 23040.3 23040.3 0.762146
0.428 23043.1 23043.1 0.75775
0.429 23046.2 23046.2 0.753756
0.43 23049.5 23049.5 0.750194
0.431 23053 23053 0.747092
0.432 23056.7 23056.7 0.744476
0.433 23060.6 23060.6 0.742369
0.434 23064.5 23064.5 0.74079
0.435 23068.6 23068.6 0.739755
0.436 23072.7 23072.7 0.739273
0.437 23076.8 23076.8 0.739349
0.438 23080.9 23080.9 0.739982
0.439 23084.9 23084.9 0.741167
0.44 23088.8 23088.8 0.742892
0.441 23092.5 23092.5 0.74514
0.442 23096.1 23096.1 0.74789
0.443 23099.5 23099.4 0.75112
0.444 23102.6 23102.6 0.754803
0.445 23105.6 23105.5 0.758909
0.446 23108.3 23108.3 0.763411
0.447 23110.8 23110.8 0.768279
0.448 23113 23113 0.773483
0.449 23115.1 23115.1 0.778995
0.45 23117 23117 0.784788
0.451 23118.6 23118.6 0.790835
0.452 23120.1 23120.1 0.797113
0.453 23121.5 23121.5 0.8036
0.454 23122.7 23122.7 0.810275
0.455 23123.7 23123.7 0.817118
0.456 23124.7 23124.7 0.824114
0.457 23125.5 23125.5 0.831245
0.458 23126.3 23126.3 0.838499
0.459 23126.9 23126.9 0.845863
0.46 23127.5 23127.5 0.853326
0.461 23128 23128 0.860878
0.462 23128.5 23128.5 0.868509
0.463 23128.8 23128.8 0.876213
0.464 23129.2 23129.2 0.883981
0.465 23129.5 23129.5 0.891809
0.466 23129.8 23129.8 0.899689
0.467 23130 23130 0.907618
0.468 23130.2 23130.2 0.915591
0.469 23130.4 23130.4 0.923604
0.47 23130.6 23130.6 0.931654
0.471 23130.7 23130.7 0.934936
0.472 23130.8 23130.8 0.936535
0.473 23131 23130.9 0.938143
0.474 23131.1 23131 0.939761
0.475 23131.1 23131.1 0.941387
0.476 23131.2 23131.2 0.94302
0.477 23131.3 23131.3 0.944662
0.478 23131.3 23131.3 0.946311
0.479 23131.4 23131.4 0.947967
0.48 23131.4 23131.4 0.94963
0.481 23131.5 23131.5 0.951299
0.482 23131.5 23131.5 0.952974
0.483 23131.6 23131.5 0.954655
0.484 23131.6 23131.6 0.956341
0.485 23131.6 23131.6 0.958033
0.486 23131.6 23131.6 0.959729
0.487 23131.6 23131.6 0.96143
0.488 23131.7 23131.7 0.963135
0.489 23131.7 23131.7 0.964843
0.49 23131.7 23131.7 0.966556
0.491 23131.7 23131.7 0.968272
0.492 23131.7 23131.7 0.969991
0.493 23131.7 23131.7 0.971714
0.494 23131.7 23131.7 0.973439
0.495 23131.7 23131.7 0.975166
0.496 23131.8 23131.8 0.976896
0.497 23131.8 23131.8 0.978628
0.498 23131.8 23131.8 0.980362
0.499 23131.8 23131.8 0.982097
0.5 23131.8 23131.8 0.983834
0.501 23131.8 23131.8 0.985573
0.502 23131.8 23131.8 0.987312
0.503 23131.8 23131.8 0.989053
0.504 23131.8 23131.8 0.990794
0.505 23131.8 23131.8 0.992536
0.506 23131.8 23131.8 0.994278
0.507 23131.8 23131.8 0.996021
0.508 23131.8 23131.8 0.997764
0.509 23131.8 23131.8 0.999507
0.51 23131.8 23131.8 1.00125
0.511 23131.8 23131.8 1.00299
0.512 23131.9 23131.8 1.00474
0.513 23131.9 23131.9 1.00648
0.514 23131.9 23131.9 1.00822
0.515 23131.9 23131.9 1.00996
0.516 23131.9 23131.9 1.0117
0.517 23131.9 23131.9 1.01344
0.518 23131.9 23131.9 1.01518
0.519 23131.9 23131.9 1.01691
0.52 23131.9 23131.9 1.01865
0.521 23131.9 23131.9 1.02038
0.522 23131.9 23131.9 1.02212
0.523 23131.9 23131.9 1.02385
0.524 23131.9 23131.9 1.02558
0.525 23131.9 23131.9 1.02731
0.526 23131.9 23131.9 1.02903
0.527 23131.9 23131.9 1.03076
0.528 23131.9 23131.9 1.03248
0.529 23131.9 23131.9 1.0342
0.53 23131.9 23131.9 1.03592
0.531 23131.9 23131.9 1.03764
0.532 23131.9 23131.9 1.03935
0.533 23132 23131.9 1.04107
0.534 23132 23131.9 1.04278
0.535 23132 23132 1.04449
0.536 23132 23132 1.04619
0.537 23132 23132 1.0479
0.538 23132 23132 1.0496
0.539 23132 23132 1.0513
0.54 23132 23132 1.05299
0.541 23132 23132 1.05469
0.542 23132 23132 1.05638
0.543 23132 23132 1.05807
0.544 23132 23132 1.05975
0.545 23132 23132 1.06144
0.546 23132 23132 1.06312
0.547 23132 23132 1.0648
0.548 23132 23132 1.06647
0.549 23132 23132 1.06814
0.55 23132 23132 1.06981
0.551 23132 23132 1.07148
0.552 23132 23132 1.07314
0.553 23132 23132 1.07481
0.554 23132 23132 1.07646
0.555 23132 23132 1.07812
0.556 23132 23132 1.07977
0.557 23132 23131.9 1.08142
0.558 23131.9 23131.9 1.08307
0.559 23131.9 23131.9 1.08471
0.56 23131.9 23131.9 1.08635
0.561 23131.9 23131.9 1.08799
0.562 23131.9 23131.9 1.08962
0.563 23131.9 23131.9 1.09125
0.564 23131.9 23131.9 1.09288
0.565 23131.9 23131.9 1.09451
0.566 23131.9 23131.9 1.09613
0.567 23131.9 23131.9 1.09775
0.568 23131.9 23131.9 1.09936
0.569 23131.9 23131.9 1.10098
0.57 23131.9 23131.9 1.10259
0.571 23131.9 23131.9 1.10419
0.572 23131.9 23131.9 1.1058
0.573 23131.9 23131.9 1.1074
0.574 23131.9 23131.8 1.10899
0.575 23131.8 23131.8 1.11059
0.576 23131.8 23131.8 1.11218
0.577 23131.8 23131.8 1.11377
0.578 23131.8 23131.8 1.11535
0.579 23131.8 23131.8 1.11693
0.58 23131.8 23131.8 1.11851
0.581 23131.8 23131.8 1.12008
0.582 23131.8 23131.8 1.12166
0.583 23131.8 23131.8 1.12322
0.584 23131.8 23131.7 1.12479
0.585 23131.7 23131.7 1.12635
0.586 23131.7 23131.7 1.12791
0.587 23131.7 23131.7 1.12947
0.588 23131.7 23131.7 1.13102
0.589 23131.7 23131.7 1.13257
0.59 23131.7 23131.7 1.13411
0.591 23131.7 23131.7 1.13566
0.592 23131.7 23131.7 1.1372
0.593 23131.6 23131.6 1.13873
0.594 23131.6 23131.6 1.14027
0.595 23131.6 23131.6 1.1418
0.596 23131.6 23131.6 1.14333
0.597 23131.6 23131.6 1.14485
0.598 23131.6 23131.6 1.14637
0.599 23131.6 23131.6 1.14789
0.6 23131.5 23131.5 1.1494
0.601 23131.5 23131.5 1.15092
0.602 23131.5 23131.5 1.15242
0.603 23131.5 23131.5 1.15393
0.604 23131.5 23131.5 1.15543
0.605 23131.5 23131.5 1.15693
0.606 23131.4 23131.4 1.15843
0.607 23131.4 23131.4 1.15992
0.608 23131.4 23131.4 1.16141
0.609 23131.4 23131.4 1.1629
0.61 23131.4 23131.4 1.16438
0.611 23131.4 23131.4 1.16586
0.612 23131.3 23131.3 1.16734
0.613 23131.3 23131.3 1.16881
0.614 23131.3 23131.3 1.16671
0.615 23131.3 23131.3 1.16305
0.616 23131.3 23131.3 1.15939
0.617 23131.2 23131.2 1.15573
0.618 23131.2 23131.2 1.15206
0.619 23131.2 23131.2 1.14839
0.62 23131.2 23131.2 1.14472
0.621 23131.2 23131.2 1.14105
0.622 23131.2 23131.1 1.13738
0.623 23131.1 23131.1 1.1337
0.624 23131.1 23131.1 1.13002
0.625 23131.1 23131.1 1.12634
0.626 23131.1 23131.1 1.12265
0.627 23131 23131 1.11897
0.628 23131 23131 1.11528
0.629 23131 23131 1.11159
0.63 23131 23131 1.10789
0.631 23131 23131 1.1042
0.632 23130.9 23130.9 1.1005
0.633 23130.9 23130.9 1.0968
0.634 23130.9 23130.9 1.0931
0.635 23130.9 23130.9 1.0894
0.636 23130.9 23130.8 1.08569
0.637 23130.8 23130.8 1.08198
0.638 23130.8 23130.8 1.07827
0.639 23130.8 23130.8 1.07456
0.64 23130.8 23130.8 1.07085
0.641 23130.7 23130.7 1.06713
0.642 23130.7 23130.7 1.06341
0.643 23130.7 23130.7 1.05969
0.644 23130.7 23130.7 1.05597
0.645 23130.7 23130.7 1.05225
0.646 23130.6 23130.6 1.04853
0.647 23130.6 23130.6 1.0448
0.648 23130.6 23130.6 1.04108
0.649 23130.6 23130.6 1.03735
0.65 23130.6 23130.6 1.03362
0.651 23130.5 23130.5 1.02989
0.652 23130.5 23130.5 1.02616
0.653 23130.5 23130.5 1.02243
0.654 23130.5 23130.5 1.0187
0.655 23130.5 23130.5 1.01497
0.656 23130.5 23130.5 1.01124
0.657 23130.5 23130.4 1.00751
0.658 23130.4 23130.4 1.00378
0.659 23130.4 23130.4 1.00005
0.66 23130.4 23130.4 0.996328
0.661 23130.4 23130.4 0.992602
0.662 23130.4 23130.4 0.988878
0.663 23130.4 23130.4 0.985157
0.664 23130.4 23130.4 0.981438
0.665 23130.4 23130.4 0.977722
0.666 23130.4 23130.4 0.974009
0.667 23130.4 23130.4 0.9703
0.668 23130.4 23130.4 0.966596
0.669 23130.4 23130.4 0.962896
0.67 23130.4 23130.4 0.959202
0.671 23130.4 23130.4 0.955514
0.672 23130.4 23130.4 0.951832
0.673 23130.5 23130.5 0.948158
0.674 23130.5 23130.5 0.944493
0.675 23130.5 23130.5 0.940836
0.676 23130.5 23130.5 0.937189
0.677 23130.6 23130.6 0.933553
0.678 23130.6 23130.6 0.929928
0.679 23130.7 23130.6 0.926316
0.68 23130.7 23130.7 0.922718
0.681 23130.8 23130.8 0.919135
0.682 23130.8 23130.8 0.915567
0.683 23130.9 23130.9 0.912018
0.684 23131 23130.9 0.908487
0.685 23131 23131 0.904976
0.686 23131.1 23131.1 0.901488
0.687 23131.2 23131.2 0.898023
0.688 23131.3 23131.3 0.894583
0.689 23131.4 23131.4 0.89117
0.69 23131.6 23131.5 0.887786
0.691 23131.7 23131.7 0.884433
0.692 23131.8 23131.8 0.881113
0.693 23132 23132 0.877829
0.694 23132.1 23132.1 0.874582
0.695 23132.3 23132.3 0.871376
0.696 23132.5 23132.5 0.868212
0.697 23132.7 23132.7 0.865095
0.698 23132.9 23132.9 0.862025
0.699 23133.1 23133.1 0.859007
0.7 23133.4 23133.4 0.856043
0.701 23133.6 23133.6 0.853136
0.702 23133.9 23133.9 0.850291
0.703 23134.2 23134.2 0.847509
0.704 23134.5 23134.5 0.844796
0.705 23134.8 23134.8 0.842153
0.706 23135.1 23135.1 0.839586
0.707 23135.5 23135.5 0.837096
0.708 23135.9 23135.8 0.83469
0.709 23136.2 23136.2 0.832369
0.71 23136.6 23136.6 0.830138
0.711 23137.1 23137.1 0.828001
0.712 23137.5 23137.5 0.825962
0.713 23138 23138 0.824024
0.714 23138.4 23138.4 0.822191
0.715 23138.9 23138.9 0.820467
0.716 23139.4 23139.4 0.818856
0.717 23139.9 23139.9 0.81736
0.718 23140.5 23140.5 0.815983
0.719 23141 23141 0.814729
0.72 23141.6 23141.6 0.813599
0.721 23142.1 23142.1 0.812598
0.722 23142.7 23142.7 0.811726
0.723 23143.3 23143.3 0.810987
0.724 23143.9 23143.9 0.810381
0.725 23144.5 23144.5 0.809912
0.726 23145.1 23145.1 0.809579
0.727 23145.7 23145.7 0.809384
0.728 23146.3 23146.3 0.809327
0.729 23146.9 23146.9 0.809408
0.73 23147.5 23147.5 0.809628
0.731 23148.1 23148.1 0.809985
0.732 23148.7 23148.7 0.810478
0.733 23149.3 23149.3 0.811107
0.734 23149.9 23149.9 0.81187
0.735 23150.4 23150.4 0.812764
0.736 23151 23151 0.813789
0.737 23151.5 23151.5 0.81494
0.738 23152.1 23152.1 0.816217
0.739 23152.6 23152.6 0.817615
0.74 23153.1 23153.1 0.819131
0.741 23153.6 23153.6 0.820763
0.742 23154 23154 0.822506
0.743 23154.5 23154.5 0.824357
0.744 23154.9 23154.9 0.826313
0.745 23155.3 23155.3 0.82837
0.746 23155.7 23155.7 0.830524
0.747 23156.1 23156.1 0.832771
0.748 23156.5 23156.5 0.835107
0.749 23156.8 23156.8 0.837529
0.75 23157.1 23157.1 0.840032
0.751 23157.5 23157.4 0.842613
0.752 23157.7 23157.7 0.845268
0.753 23158 23158 0.847994
0.754 23158.3 23158.3 0.850787
0.755 23158.5 23158.5 0.853644
0.756 23158.8 23158.8 0.85656
0.757 23159 23159 0.859534
0.758 23159.2 23159.2 0.862562
0.759 23159.4 23159.4 0.86564
0.76 23159.6 23159.5 0.868766
0.761 23159.7 23159.7 0.871937
0.762 23159.9 23159.9 0.875151
0.763 23160 23160 0.878405
0.764 23160.2 23160.1 0.881695
0.765 23160.3 23160.3 0.885021
0.766 23160.4 23160.4 0.88838
0.767 23160.5 23160.5 0.891769
0.768 23160.6 23160.6 0.895187
0.769 23160.7 23160.7 0.898632
0.77 23160.8 23160.7 0.902101
0.771 23160.8 23160.8 0.905594
0.772 23160.9 23160.9 0.909108
0.773 23160.9 23160.9 0.912642
0.774 23161 23161 0.916195
0.775 23161 23161 0.919765
0.776 23161.1 23161.1 0.923352
0.777 23161.1 23161.1 0.926952
0.778 23161.2 23161.2 0.930567
0.779 23161.2 23161.2 0.934194
0.78 23161.2 23161.2 0.937832
0.781 23161.2 23161.2 0.941481
0.782 23161.3 23161.2 0.94514
0.783 23161.3 23161.3 0.948807
0.784 23161.3 23161.3 0.952483
0.785 23161.3 23161.3 0.956165
0.786 23161.3 23161.3 0.959855
0.787 23161.3 23161.3 0.96355
0.788 23161.3 23161.3 0.967251
0.789 23161.3 23161.3 0.970957
0.79 23161.3 23161.3 0.974666
0.791 23161.3 23161.3 0.97838
0.792 23161.3 23161.3 0.982097
0.793 23161.3 23161.2 0.985817
0.794 23161.2 23161.2 0.989539
0.795 23161.2 23161.2 0.993263
0.796 23161.2 23161.2 0.99699
0.797 23161.2 23161.2 1.00072
0.798 23161.2 23161.2 1.00445
0.799 23161.2 23161.2 1.00818
0.8 23161.1 23161.1 1.01191
0.801 23161.1 23161.1 1.01564
0.802 23161.1 23161.1 1.01937
0.803 23161.1 23161.1 1.0231
0.804 23161.1 23161.1 1.02683
0.805 23161 23161 1.03056
0.806 23161 23161 1.03429
0.807 23161 23161 1.03802
0.808 23161 23161 1.04174
0.809 23160.9 23160.9 1.04547
0.81 23160.9 23160.9 1.04919
0.811 23160.9 23160.9 1.05292
0.812 23160.9 23160.9 1.05664
0.813 23160.8 23160.8 1.06036
0.814 23160.8 23160.8 1.06408
0.815 23160.8 23160.8 1.0678
0.816 23160.8 23160.7 1.07151
0.817 23160.7 23160.7 1.07523
0.818 23160.7 23160.7 1.07894
0.819 23160.7 23160.7 1.08265
0.82 23160.6 23160.6 1.08636
0.821 23160.6 23160.6 1.09007
0.822 23160.6 23160.6 1.09377
0.823 23160.6 23160.6 1.09747
0.824 23160.5 23160.5 1.10117
0.825 23160.5 23160.5 1.10487
0.826 23160.5 23160.5 1.10857
0.827 23160.5 23160.4 1.11226
0.828 23160.4 23160.4 1.11595
0.829 23160.4 23160.4 1.11964
0.83 23160.4 23160.4 1.12333
0.831 23160.3 23160.3 1.12701
0.832 23160.3 23160.3 1.1307
0.833 23160.3 23160.3 1.13438
0.834 23160.3 23160.2 1.13805
0.835 23160.2 23160.2 1.14173
0.836 23160.2 23160.2 1.1454
0.837 23160.2 23160.2 1.14907
0.838 23160.1 23160.1 1.15274
0.839 23160.1 23160.1 1.15641
0.84 23160.1 23160.1 1.16007
0.841 23160.1 23160.1 1.16374
0.842 23160 23160 1.1674
0.843 23160 23160 1.17105
0.844 23160 23160 1.17471
0.845 23160 23159.9 1.17836
0.846 23159.9 23159.9 1.18201
0.847 23159.9 23159.9 1.18566
0.848 23159.9 23159.9 1.18931
0.849 23159.8 23159.8 1.19295
0.85 23159.8 23159.8 1.19659
0.851 23159.8 23159.8 1.20023
0.852 23159.8 23159.8 1.20387
0.853 23159.7 23159.7 1.20751
0.854 23159.7 23159.7 1.21114
0.855 23159.7 23159.7 1.21477
0.856 23159.7 23159.6 1.2184
0.857 23159.6 23159.6 1.22203
0.858 23159.6 23159.6 1.22565
0.859 23159.6 23159.6 1.22928
0.86 23159.5 23159.5 1.2329
0.861 23159.5 23159.5 1.23652
0.862 23159.5 23159.5 1.24013
0.863 23159.5 23159.5 1.24375
0.864 23159.4 23159.4 1.24736
0.865 23159.4 23159.4 1.24677
0.866 23159.4 23159.4 1.24374
0.867 23159.4 23159.3 1.24071
0.868 23159.3 23159.3 1.23767
0.869 23159.3 23159.3 1.23463
0.87 23159.3 23159.3 1.23159
0.871 23159.3 23159.2 1.22854
0.872 23159.2 23159.2 1.22549
0.873 23159.2 23159.2 1.22244
0.874 23159.2 23159.2 1.21939
0.875 23159.1 23159.1 1.21633
0.876 23159.1 23159.1 1.21326
0.877 23159.1 23159.1 1.2102
0.878 23159.1 23159.1 1.20713
0.879 23159 23159 1.20406
0.88 23159 23159 1.20098
0.881 23159 23159 1.1979
0.882 23159 23159 1.19482
0.883 23158.9 23158.9 1.19173
0.884 23158.9 23158.9 1.18864
0.885 23158.9 23158.9 1.18555
0.886 23158.9 23158.9 1.18245
0.887 23158.8 23158.8 1.17935
0.888 23158.8 23158.8 1.17625
0.889 23158.8 23158.8 1.17314
0.89 23158.8 23158.8 1.17003
0.891 23158.7 23158.7 1.16692
0.892 23158.7 23158.7 1.1638
0.893 23158.7 23158.7 1.16068
0.894 23158.7 23158.7 1.15755
0.895 23158.6 23158.6 1.15442
0.896 23158.6 23158.6 1.15129
0.897 23158.6 23158.6 1.14815
0.898 23158.6 23158.5 1.14501
0.899 23158.5 23158.5 1.14187
0.9 23158.5 23158.5 1.13872
0.901 23158.5 23158.5 1.13557
0.902 23158.5 23158.4 1.13241
0.903 23158.4 23158.4 1.12925
0.904 23158.4 23158.4 1.12609
0.905 23158.4 23158.4 1.12292
0.906 23158.4 23158.3 1.11975
0.907 23158.3 23158.3 1.11658
0.908 23158.3 23158.3 1.1134
0.909 23158.3 23158.3 1.11022
0.91 23158.3 23158.2 1.10703
0.911 23158.2 23158.2 1.10384
0.912 23158.2 23158.2 1.10065
0.913 23158.2 23158.2 1.09745
0.914 23158.2 23158.2 1.09425
0.915 23158.1 23158.1 1.09105
0.916 23158.1 23158.1 1.08784
0.917 23158.1 23158.1 1.08463
0.918 23158.1 23158.1 1.08141
0.919 23158 23158 1.07819
0.92 23158 23158 1.07497
0.921 23158 23158 1.07174
0.922 23158 23158 1.06851
0.923 23157.9 23157.9 1.06528
0.924 23157.9 23157.9 1.06204
0.925 23157.9 23157.9 1.0588
0.926 23157.9 23157.9 1.05556
0.927 23157.9 23157.9 1.05231
0.928 23157.8 23157.8 1.04906
0.929 23157.8 23157.8 1.04581
0.93 23157.8 23157.8 1.04255
0.931 23157.8 23157.8 1.03929
0.932 23157.8 23157.7 1.03603
0.933 23157.7 23157.7 1.03276
0.934 23157.7 23157.7 1.02949
0.935 23157.7 23157.7 1.02622
0.936 23157.7 23157.7 1.02295
0.937 23157.7 23157.7 1.01967
0.938 23157.6 23157.6 1.01639
0.939 23157.6 23157.6 1.01311
0.94 23157.6 23157.6 1.00983
0.941 23157.6 23157.6 1.00655
0.942 23157.6 23157.6 1.00326
0.943 23157.6 23157.6 0.999976
0.944 23157.6 23157.6 0.996689
0.945 23157.5 23157.5 0.993401
0.946 23157.5 23157.5 0.990112
0.947 23157.5 23157.5 0.986824
0.948 23157.5 23157.5 0.983535
0.949 23157.5 23157.5 0.980247
0.95 23157.5 23157.5 0.97696
0.951 23157.5 23157.5 0.973673
0.952 23157.5 23157.5 0.970389
0.953 23157.5 23157.5 0.967106
0.954 23157.5 23157.5 0.963826
0.955 23157.5 23157.5 0.960548
0.956 23157.5 23157.5 0.957274
0.957 23157.5 23157.5 0.954004
0.958 23157.5 23157.5 0.950738
0.959 23157.5 23157.5 0.947478
0.96 23157.5 23157.5 0.944223
0.961 23157.6 23157.6 0.940975
0.962 23157.6 23157.6 0.937734
0.963 23157.6 23157.6 0.9345
0.964 23157.6 23157.6 0.931276
0.965 23157.7 23157.6 0.928061
0.966 23157.7 23157.7 0.924856
0.967 23157.7 23157.7 0.921663
0.968 23157.8 23157.7 0.918483
0.969 23157.8 23157.8 0.915316
0.97 23157.8 23157.8 0.912164
0.971 23157.9 23157.9 0.909028
0.972 23157.9 23157.9 0.905909
0.973 23158 23158 0.902808
0.974 23158.1 23158.1 0.899727
0.975 23158.1 23158.1 0.896668
0.976 23158.2 23158.2 0.893631
0.977 23158.3 23158.3 0.890619
0.978 23158.4 23158.4 0.887634
0.979 23158.5 23158.5 0.884676
0.98 23158.6 23158.6 0.881748
0.981 23158.7 23158.7 0.878852
0.982 23158.8 23158.8 0.875989
0.983 23158.9 23158.9 0.873163
0.984 23159.1 23159.1 0.870375
0.985 23159.2 23159.2 0.867627
0.986 23159.4 23159.4 0.864921
0.987 23159.5 23159.5 0.862261
0.988 23159.7 23159.7 0.859649
0.989 23159.9 23159.9 0.857087
0.99 23160.1 23160.1 0.854577
0.991 23160.3 23160.3 0.852124
0.992 23160.5 23160.5 0.849729
0.993 23160.7 23160.7 0.847395
0.994 23160.9 23160.9 0.845125
0.995 23161.2 23161.2 0.842922
0.996 23161.4 23161.4 0.84079
0.997 23161.7 23161.7 0.838731
0.998 23162 23161.9 0.836748
0.999 23162.2 23162.2 0.834844
1 23162.5 23162.5 0.833022
