0  0
0.2  -1.91749e-05
0.4  -2.6247e-05
0.6  -2.66813e-05
0.8  -2.52303e-05
1  -2.36369e-05
1.2  -2.24068e-05
1.4  -2.16924e-05
1.6  -2.14406e-05
1.8  -2.14826e-05
2  -2.16534e-05
2.2  -2.18471e-05
2.4  -2.20059e-05
2.6  -2.20978e-05
2.8  -2.21065e-05
3  -2.20305e-05
3.2  -2.18832e-05
3.4  -2.1693e-05
3.6  -2.15109e-05
3.8  -2.14315e-05
4  -2.16091e-05
4.2  -2.22206e-05
4.4  -2.33519e-05
4.6  -2.48963e-05
4.8  -2.64526e-05
5  -2.66614e-05
5.2  -2.14628e-05
5.4  -4.80348e-06
5.6  1.99351e-05
5.8  3.20505e-05
6  2.15462e-05
6.2  4.36199e-06
6.4  -6.88295e-06
6.6  -1.24193e-05
6.8  -1.51471e-05
7  -1.65494e-05
7.2  -1.71635e-05
7.4  -1.71724e-05
7.6  -1.65787e-05
7.8  -1.52062e-05
8  -1.25345e-05
8.2  -7.12312e-06
8.4  3.90303e-06
8.6  2.10091e-05
8.8  3.2029e-05
9  2.06236e-05
9.2  -4.08802e-06
9.4  -2.11439e-05
9.6  -2.66123e-05
9.8  -2.64912e-05
10  -2.49477e-05
10.2  -2.33946e-05
10.4  -2.22479e-05
10.6  -2.16207e-05
10.8  -2.14322e-05
11  -2.15063e-05
11.2  -2.16869e-05
11.4  -2.18777e-05
11.6  -2.20269e-05
11.8  -2.21054e-05
12  -2.20993e-05
12.2  -2.20099e-05
12.4  -2.18528e-05
12.6  -2.16595e-05
12.8  -2.14867e-05
13  -2.14385e-05
13.2  -2.16783e-05
13.4  -2.23767e-05
13.6  -2.35919e-05
13.8  -2.51789e-05
14  -2.66498e-05
14.2  -2.63262e-05
14.4  -1.95608e-05
14.6  -7.61045e-07
14.8  2.35373e-05
15  3.16356e-05
15.2  1.85411e-05
15.4  1.92669e-06
15.6  -8.13757e-06
15.8  -1.30228e-05
16  -1.54575e-05
16.2  -1.67018e-05
16.4  -1.72057e-05
16.6  -1.71162e-05
16.8  -1.64083e-05
17  -1.48663e-05
17.2  -1.18688e-05
17.4  -5.7325e-06
17.6  6.51005e-06
17.8  2.38826e-05
18  3.184e-05
18.2  1.66882e-05
18.4  -7.89534e-06
18.6  -2.27554e-05
18.8  -2.68242e-05
19  -2.62666e-05
19.2  -2.46666e-05
19.4  -2.31647e-05
19.6  -2.21045e-05
19.8  -2.15621e-05
20  -2.14313e-05
20.2  -2.15329e-05
20.4  -2.17205e-05
20.6  -2.19071e-05
20.8  -2.20458e-05
21  -2.21105e-05
21.2  -2.20898e-05
21.4  -2.19873e-05
21.6  -2.18213e-05
21.8  -2.16265e-05
22  -2.14659e-05
22.2  -2.14538e-05
22.4  -2.17612e-05
22.6  -2.25483e-05
22.8  -2.38434e-05
23  -2.54605e-05
23.2  -2.68026e-05
23.4  -2.58115e-05
23.6  -1.7281e-05
23.8  3.49621e-06
24  2.6618e-05
24.2  3.05346e-05
24.4  1.54686e-05
24.6  -2.89197e-07
24.8  -9.24254e-06
25  -1.35594e-05
25.2  -1.57351e-05
25.4  -1.68333e-05
25.6  -1.72311e-05
25.8  -1.70425e-05
26  -1.62145e-05
26.2  -1.44866e-05
26.4  -1.11167e-05
26.6  -4.15935e-06
26.8  9.30636e-06
27  2.64927e-05
27.2  3.08892e-05
27.4  1.24696e-05
27.6  -1.13622e-05
27.8  -2.40409e-05
28  -2.69115e-05
28.2  -2.60175e-05
28.4  -2.43897e-05
28.6  -2.29482e-05
28.8  -2.19766e-05
29  -2.15155e-05
29.2  -2.14369e-05
29.4  -2.15619e-05
29.6  -2.1754e-05
29.8  -2.1935e-05
30  -2.20626e-05
30.2  -2.21131e-05
30.4  -2.20778e-05
30.6  -2.19627e-05
30.8  -2.17889e-05
31  -2.15944e-05
31.2  -2.14492e-05
31.4  -2.14784e-05
31.6  -2.18582e-05
31.8  -2.27352e-05
32  -2.41049e-05
32.2  -2.57369e-05
32.4  -2.68963e-05
32.6  -2.50823e-05
32.8  -1.46079e-05
33  7.86795e-06
33.2  2.90705e-05
33.4  2.88301e-05
33.6  1.24184e-05
33.8  -2.28509e-06
34  -1.02156e-05
34.2  -1.40376e-05
34.4  -1.59829e-05
34.6  -1.69451e-05
34.8  -1.72398e-05
35  -1.69506e-05
35.2  -1.59955e-05
35.4  -1.40621e-05
35.6  -1.0265e-05
35.8  -2.3873e-06
36  1.22549e-05
36.2  2.87222e-05
36.4  2.91839e-05
36.6  8.10634e-06
36.8  -1.44514e-05
37  -2.50359e-05
37.2  -2.68994e-05
37.4  -2.57517e-05
37.6  -2.41194e-05
37.8  -2.27457e-05
38  -2.18639e-05
38.2  -2.14801e-05
38.4  -2.14484e-05
38.6  -2.15926e-05
38.8  -2.17871e-05
39  -2.19614e-05
39.2  -2.2077e-05
39.4  -2.21132e-05
39.6  -2.20634e-05
39.8  -2.19365e-05
40  -2.17558e-05
40.2  -2.15635e-05
40.4  -2.14374e-05
40.6  -2.15133e-05
40.8  -2.19701e-05
41  -2.29368e-05
41.2  -2.43749e-05
41.4  -2.60034e-05
41.6  -2.69132e-05
41.8  -2.4102e-05
42  -1.15399e-05
42.2  1.22351e-05
42.4  3.08157e-05
42.6  2.66246e-05
42.8  9.46297e-06
43  -4.06837e-06
43.2  -1.10732e-05
43.4  -1.44648e-05
43.6  -1.62033e-05
43.8  -1.7038e-05
44  -1.7232e-05
44.2  -1.68399e-05
44.4  -1.57493e-05
44.6  -1.35868e-05
44.8  -9.29863e-06
45  -4.03211e-07
45.2  1.53017e-05
45.4  3.04567e-05
45.6  2.67681e-05
45.8  3.73163e-06
46  -1.71461e-05
46.2  -2.57777e-05
46.4  -2.68094e-05
46.6  -2.54757e-05
46.8  -2.38574e-05
47  -2.25581e-05
47.2  -2.17661e-05
47.4  -2.1455e-05
47.6  -2.14649e-05
47.8  -2.16247e-05
48  -2.18195e-05
48.2  -2.1986e-05
48.4  -2.20892e-05
48.6  -2.21107e-05
48.8  -2.20468e-05
49  -2.19087e-05
49.2  -2.17223e-05
49.4  -2.15345e-05
49.6  -2.14314e-05
49.8  -2.15592e-05
50  -2.20971e-05
50.2  -2.31526e-05
50.4  -2.46514e-05
50.6  -2.62537e-05
50.8  -2.68319e-05
51  -2.28333e-05
51.2  -8.09277e-06
51.4  1.64652e-05
51.6  3.18081e-05
51.8  2.40322e-05
52  6.65728e-06
52.2  -5.65194e-06
52.4  -1.18303e-05
52.6  -1.48468e-05
52.8  -1.63984e-05
53  -1.71127e-05
53.2  -1.72075e-05
53.4  -1.67095e-05
53.6  -1.54735e-05
53.8  -1.30536e-05
54  -8.2013e-06
54.2  1.80064e-06
54.4  1.8375e-05
54.6  3.15928e-05
54.8  2.3719e-05
55  -5.34617e-07
55.2  -1.9447e-05
55.4  -2.63033e-05
55.6  -2.66594e-05
55.8  -2.51943e-05
56  -2.36054e-05
56.2  -2.23857e-05
56.4  -2.16825e-05
56.6  -2.14392e-05
56.8  -2.14855e-05
57  -2.16577e-05
57.2  -2.18511e-05
57.4  -2.20087e-05
57.6  -2.20989e-05
57.8  -2.21057e-05
58  -2.2028e-05
58.2  -2.18794e-05
58.4  -2.16887e-05
58.6  -2.15077e-05
58.8  -2.1432e-05
59  -2.16173e-05
59.2  -2.22397e-05
59.4  -2.33818e-05
59.6  -2.49324e-05
59.8  -2.64798e-05
60  -2.66275e-05
60.2  -2.12404e-05
60.4  -4.30264e-06
60.6  2.04195e-05
60.8  3.20379e-05
61  2.117e-05
61.2  4.03928e-06
61.4  -7.05203e-06
61.6  -1.25004e-05
61.8  -1.51887e-05
62  -1.65701e-05
62.2  -1.71699e-05
62.4  -1.71663e-05
62.6  -1.65583e-05
62.8  -1.51649e-05
63  -1.2454e-05
63.2  -6.95527e-06
63.4  4.2242e-06
63.6  2.13864e-05
63.8  3.20466e-05
64  2.0142e-05
64.2  -4.59095e-06
64.4  -2.13689e-05
64.6  -2.66473e-05
64.8  -2.64643e-05
65  -2.49117e-05
65.2  -2.33646e-05
65.4  -2.22287e-05
65.6  -2.16126e-05
65.8  -2.14317e-05
66  -2.15096e-05
66.2  -2.16912e-05
66.4  -2.18816e-05
66.6  -2.20295e-05
66.8  -2.21062e-05
67  -2.20983e-05
67.2  -2.20071e-05
67.4  -2.18488e-05
67.6  -2.16553e-05
67.8  -2.14838e-05
68  -2.144e-05
68.2  -2.16882e-05
68.4  -2.23978e-05
68.6  -2.36234e-05
68.8  -2.5215e-05
69  -2.66721e-05
69.2  -2.62713e-05
69.4  -1.92915e-05
69.6  -2.27946e-07
69.8  2.39618e-05
70  3.15318e-05
70.2  1.81507e-05
70.4  1.6316e-06
70.6  -8.28655e-06
70.8  -1.30948e-05
71  -1.54948e-05
71.2  -1.67198e-05
71.4  -1.72099e-05
71.6  -1.71078e-05
71.8  -1.63849e-05
72  -1.48202e-05
72.2  -1.1778e-05
72.4  -5.54233e-06
72.6  6.85689e-06
72.8  2.42327e-05
73  3.17613e-05
73.2  1.61628e-05
73.4  -8.35767e-06
73.6  -2.29369e-05
73.8  -2.68417e-05
74  -2.62361e-05
74.2  -2.4631e-05
74.4  -2.31364e-05
74.6  -2.20873e-05
74.8  -2.15555e-05
75  -2.14317e-05
75.2  -2.15365e-05
75.4  -2.17248e-05
75.6  -2.19108e-05
75.8  -2.20481e-05
76  -2.2111e-05
76.2  -2.20884e-05
76.4  -2.19843e-05
76.6  -2.18172e-05
76.8  -2.16224e-05
77  -2.14635e-05
77.2  -2.14565e-05
77.4  -2.17728e-05
77.6  -2.25714e-05
77.8  -2.38763e-05
78  -2.54961e-05
78.2  -2.68182e-05
78.4  -2.57312e-05
78.6  -1.69621e-05
78.8  4.04992e-06
79  2.69678e-05
79.2  3.03487e-05
79.4  1.50765e-05
79.6  -5.5606e-07
79.8  -9.37372e-06
80  -1.36235e-05
80.2  -1.57684e-05
80.4  -1.68487e-05
80.6  -1.72332e-05
80.8  -1.70318e-05
81  -1.6188e-05
81.2  -1.44351e-05
81.4  -1.10139e-05
81.6  -3.94468e-06
81.8  9.67502e-06
82  2.68007e-05
82.2  3.0713e-05
82.4  1.1918e-05
82.6  -1.1778e-05
82.8  -2.41833e-05
83  -2.69151e-05
83.2  -2.59844e-05
83.4  -2.43549e-05
83.6  -2.29216e-05
83.8  -2.19614e-05
84  -2.15104e-05
84.2  -2.14382e-05
84.4  -2.15658e-05
84.6  -2.17583e-05
84.8  -2.19385e-05
85  -2.20646e-05
85.2  -2.21133e-05
85.4  -2.20761e-05
85.6  -2.19595e-05
85.8  -2.17847e-05
86  -2.15904e-05
86.2  -2.14474e-05
86.4  -2.14823e-05
86.6  -2.18717e-05
86.8  -2.27601e-05
87  -2.4139e-05
87.2  -2.57716e-05
87.4  -2.69032e-05
87.6  -2.4972e-05
87.8  -1.42383e-05
88  8.42805e-06
88.2  2.93338e-05
88.4  2.85742e-05
88.6  1.20347e-05
88.8  -2.52427e-06
89  -1.03311e-05
89.2  -1.40949e-05
89.4  -1.60125e-05
89.6  -1.6958e-05
89.8  -1.72398e-05
90  -1.69376e-05
90.2  -1.59657e-05
90.4  -1.40044e-05
90.6  -1.01484e-05
90.8  -2.14621e-06
91  1.26395e-05
91.2  2.89733e-05
91.4  2.89139e-05
91.6  7.54609e-06
91.8  -1.48174e-05
