0 0 1.8
0.2 0.349972  1.69147
0.4 0.674622  1.55294
0.6 0.971087  1.41281
0.8 1.24039  1.28191
1 1.48441  1.1592
1.2 1.70423  1.03892
1.4 1.89977  0.915645
1.6 2.0701  0.786525
1.8 2.21398  0.651453
2 2.33038  0.512033
2.2 2.41864  0.370307
2.4 2.47846  0.227859
2.6 2.50979  0.0854571
2.8 2.51265  -0.0568181
3 2.48706  -0.199184
3.2 2.43297  -0.341659
3.4 2.35042  -0.483632
3.6 2.23965  -0.623676
3.8 2.10122  -0.759783
4 1.93612  -0.890167
4.2 1.74556  -1.01449
4.4 1.53058  -1.135
4.6 1.29148  -1.25671
4.8 1.02741  -1.38563
5 0.736555  -1.52428
5.2 0.417525  -1.66482
5.4 0.0721107  -1.7825
5.6 -0.291276  -1.83735
5.8 -0.656068  -1.79208
6 -1.00074  -1.63795
6.2 -1.30575  -1.4022
6.4 -1.55908  -1.12818
6.6 -1.75686  -0.851206
6.8 -1.90059  -0.589209
7 -1.99379  -0.345724
7.2 -2.03979  -0.115902
7.4 -2.04049  0.108913
7.6 -1.99591  0.338439
7.8 -1.90421  0.581399
8 -1.76211  0.842817
8.2 -1.56604  1.11951
8.4 -1.31441  1.39406
8.6 -1.01087  1.63166
8.8 -0.66716  1.78888
9 -0.302659  1.83759
9.2 0.0610595  1.78537
9.4 0.407199  1.66898
9.6 0.727098  1.52868
9.8 1.01881  1.38979
10 1.28369  1.26057
10.2 1.52354  1.13872
10.4 1.73927  1.01826
10.6 1.93059  0.894104
10.8 2.0965  0.763915
11 2.23577  0.627962
11.2 2.34741  0.488009
11.4 2.43084  0.346069
11.6 2.48581  0.203597
11.8 2.51229  0.0612254
12 2.51031  -0.0810492
12.2 2.47986  -0.223445
12.4 2.42092  -0.3659
12.6 2.33354  -0.507667
12.8 2.218  -0.64719
13 2.07496  -0.782425
13.2 1.90543  -0.91174
13.4 1.71066  -1.03517
13.6 1.49158  -1.15547
13.8 1.24832  -1.27801
14 0.979826  -1.4086
14.2 0.684228  -1.54852
14.4 0.360438  -1.68743
14.6 0.011143  -1.79749
14.8 -0.35386  -1.83744
15 -0.716787  -1.77317
15.2 -1.05592  -1.60242
15.4 -1.35274  -1.35707
15.6 -1.59669  -1.08051
15.8 -1.78507  -0.805287
16 -1.91992  -0.546497
16.2 -2.00489  -0.305832
16.4 -2.04309  -0.0775311
16.6 -2.03613  0.147401
16.8 -1.9837  0.378658
17 -1.88368  0.624564
17.2 -1.73262  0.889123
17.4 -1.5271  1.16716
17.6 -1.26618  1.43832
17.8 -0.954719  1.66523
18 -0.605951  1.80513
18.2 -0.240111  1.83506
18.4 0.121588  1.76887
18.6 0.463649  1.64585
18.8 0.77875  1.50452
19 1.06576  1.36707
19.2 1.32626  1.23945
19.4 1.56198  1.11828
19.6 1.77359  0.997479
19.8 1.96067  0.872382
20 2.12213  0.741133
20.2 2.25675  0.604354
20.4 2.36362  0.463928
20.6 2.44221  0.321818
20.8 2.49233  0.179339
21 2.51396  0.0369969
21.2 2.50713  -0.105284
21.4 2.47184  -0.24771
21.6 2.40805  -0.390123
21.8 2.31585  -0.531639
22 2.19556  -0.670578
22.2 2.04792  -0.804892
22.4 1.87402  -0.933137
22.6 1.67505  -1.05576
22.8 1.45188  -1.17601
23 1.20443  -1.29955
23.2 0.931457  -1.43186
23.4 0.631076  -1.57278
23.6 0.302594  -1.70925
23.8 -0.0503008  -1.81043
24 -0.416395  -1.83442
24.2 -0.776808  -1.75109
24.4 -1.10986  -1.5647
24.6 -1.39818  -1.31107
24.8 -1.63268  -1.03292
25 -1.81172  -0.759877
25.2 -1.93782  -0.504328
25.4 -2.01463  -0.266306
25.6 -2.04508  -0.0392591
25.8 -2.03045  0.186076
26 -1.97012  0.419313
26.2 -1.86166  0.668292
26.4 -1.70154  0.935856
26.6 -1.48654  1.21466
26.8 -1.21646  1.48131
27 -0.897471  1.69624
27.2 -0.544244  1.8181
27.4 -0.177699  1.82968
27.6 0.181527  1.75073
27.8 0.519301  1.62222
28 0.829581  1.4805
28.2 1.11193  1.34466
28.4 1.36811  1.21853
28.6 1.59971  1.09784
28.8 1.80721  0.976569
29 1.99001  0.850475
29.2 2.14698  0.718189
29.4 2.27693  0.58064
29.6 2.37901  0.439801
29.8 2.45276  0.297558
30 2.49802  0.155088
30.2 2.51481  0.0127706
30.4 2.50313  -0.129525
30.6 2.46299  -0.271976
30.8 2.39435  -0.414322
31 2.29733  -0.555536
31.2 2.17233  -0.693831
31.4 2.02013  -0.827178
31.6 1.84187  -0.954363
31.8 1.63875  -1.07627
32 1.41148  -1.19664
32.2 1.1598  -1.32136
32.4 0.882291  -1.4554
32.6 0.577098  -1.59695
32.8 0.244024  -1.73007
33 -0.112147  -1.8211
33.2 -0.478772  -1.82819
33.4 -0.836024  -1.72593
33.6 -1.16248  -1.52502
33.8 -1.44203  -1.26439
34 -1.66705  -0.98552
34.2 -1.83683  -0.715003
34.4 -1.95428  -0.462681
34.6 -2.02303  -0.227104
34.8 -2.04576  -0.00103751
35 -2.02345  0.224983
35.2 -1.95514  0.460434
35.4 -1.83815  0.712582
35.6 -1.66887  0.982954
35.8 -1.44437  1.26184
36 -1.1653  1.52282
36.2 -0.839214  1.72448
36.4 -0.482152  1.82776
36.6 -0.115516  1.82161
36.8 0.240823  1.73117
37 0.574143  1.59826
37.2 0.879598  1.45669
37.4 1.15735  1.32255
37.6 1.40926  1.19776
37.8 1.63675  1.07738
38 1.84011  0.955511
38.2 2.0186  0.828383
38.4 2.17105  0.695089
38.6 2.2963  0.556831
38.8 2.39358  0.415635
39 2.46248  0.273293
39.2 2.50289  0.130841
39.4 2.51483  -0.0114551
39.6 2.49831  -0.153771
39.8 2.45331  -0.29624
40 2.37983  -0.43849
40.2 2.27801  -0.57935
40.4 2.14831  -0.716939
40.6 1.99158  -0.84928
40.8 1.80901  -0.975429
41 1.60174  -1.09673
41.2 1.37037  -1.21739
41.4 1.11442  -1.34345
41.6 0.832318  -1.4792
41.8 0.5223  -1.62093
42 0.184764  -1.7497
42.2 -0.174315  -1.82931
42.4 -0.540882  -1.8187
42.6 -0.894333  -1.69784
42.8 -1.21371  -1.48361
43 -1.48429  -1.21723
43.2 -1.69981  -0.938404
43.4 -1.86043  -0.670682
43.6 -1.96934  -0.421533
43.8 -2.0301  -0.188182
44 -2.04515  0.0371828
44.2 -2.01512  0.264169
44.4 -1.93875  0.502053
44.6 -1.81312  0.757426
44.8 -1.63458  1.03034
45 -1.4006  1.30855
45.2 -1.11275  1.5626
45.4 -0.780045  1.7498
45.6 -0.419787  1.83416
45.8 -0.0536495  1.81107
46 0.299432  1.71041
46.2 0.628166  1.5741
46.4 0.928808  1.43313
46.6 1.20202  1.30073
46.8 1.4497  1.17712
47 1.6731  1.05687
47.2 1.87229  0.934294
47.4 2.04643  0.806107
47.6 2.19432  0.671844
47.8 2.31486  0.532938
48 2.40733  0.391437
48.2 2.47138  0.249027
48.4 2.50694  0.106601
48.6 2.51403  -0.0356813
48.8 2.49266  -0.178022
49 2.44281  -0.320501
49.2 2.36448  -0.462619
49.4 2.25787  -0.603069
49.6 2.1235  -0.739892
49.8 1.96229  -0.871197
50 1.77543  -0.996347
50.2 1.56404  -1.11717
50.4 1.32855  -1.23831
50.6 1.06828  -1.36585
50.8 0.781531  -1.50321
51 0.466691  -1.64457
51.2 0.124859  -1.76793
51.4 -0.236718  -1.83484
51.6 -0.602612  -1.80592
51.8 -0.951638  -1.66699
52 -1.26351  -1.44069
52.2 -1.52494  -1.16975
52.4 -1.73097  -0.89165
52.6 -1.88252  -0.626924
52.8 -1.983  -0.380855
53 -2.03585  -0.149496
53.2 -2.04323  0.0754508
53.4 -2.00545  0.303677
53.6 -1.92093  0.544193
53.8 -1.78655  0.802808
54 -1.59868  1.07792
54.2 -1.35525  1.35459
54.4 -1.05889  1.60043
54.6 -0.720065  1.77205
54.8 -0.357258  1.83735
55 0.00781806  1.79824
55.2 0.357317  1.68864
55.4 0.681363  1.54984
55.6 0.97722  1.40985
55.8 1.24596  1.27918
56 1.48944  1.15658
56.2 1.70874  1.03629
56.4 1.90375  0.912907
56.6 2.07351  0.78365
56.8 2.21681  0.648463
57 2.3326  0.508971
57.2 2.42024  0.367216
57.4 2.47944  0.224763
57.6 2.51015  0.0823651
57.8 2.5124  -0.0599096
58 2.48618  -0.202279
58.2 2.43148  -0.344753
58.4 2.34832  -0.486702
58.6 2.23693  -0.626683
58.8 2.09791  -0.762682
59 1.93224  -0.892929
59.2 1.74115  -1.01713
59.4 1.52565  -1.13761
59.6 1.28602  -1.25942
59.8 1.02138  -1.38854
60 0.729924  -1.52737
60.2 0.410285  -1.66774
60.4 0.0643605  -1.78452
60.6 -0.299261  -1.83753
60.8 -0.663851  -1.78985
61 -1.00785  -1.63355
61.2 -1.31183  -1.3965
61.4 -1.56397  -1.1221
61.6 -1.76055  -0.84532
61.8 -1.90313  -0.583728
62 -1.99528  -0.340612
62.2 -2.04029  -0.110999
62.4 -2.04001  0.113815
62.6 -1.99443  0.343547
62.8 -1.90167  0.586875
63 -1.75843  0.8487
63.2 -1.56116  1.12559
63.4 -1.30834  1.39977
63.6 -1.00377  1.63608
63.8 -0.659381  1.79114
64 -0.294674  1.83743
64.2 0.0688134  1.78336
64.4 0.414445  1.66606
64.6 0.733735  1.52559
64.8 1.02484  1.38687
65 1.28916  1.25787
65.2 1.52848  1.13611
65.4 1.74368  1.01561
65.6 1.93447  0.891343
65.8 2.09981  0.761017
66 2.23849  0.624956
66.2 2.34953  0.484939
66.4 2.43234  0.342976
66.6 2.48669  0.200501
66.8 2.51255  0.0581338
67 2.50995  -0.0841412
67.2 2.47888  -0.226541
67.4 2.41933  -0.368992
67.6 2.33133  -0.51073
67.8 2.21519  -0.650181
68 2.07155  -0.785302
68.2 1.90147  -0.91448
68.4 1.70615  -1.0378
68.6 1.48655  -1.15809
68.8 1.24276  -1.28075
69 0.973699  -1.41155
69.2 0.677492  -1.55162
69.4 0.3531  -1.69026
69.6 0.00332817  -1.79926
69.8 -0.361844  -1.83723
70 -0.724487  -1.77053
70.2 -1.06288  -1.59773
70.4 -1.35862  -1.35124
70.6 -1.60137  -1.07443
70.8 -1.78855  -0.799464
71 -1.92229  -0.541087
71.2 -2.00621  -0.300769
71.4 -2.04341  -0.0726433
71.6 -2.03547  0.152325
71.8 -1.98205  0.383821
72 -1.88095  0.630112
72.2 -1.72874  0.895063
72.4 -1.52202  1.17323
72.6 -1.25991  1.44388
72.8 -0.947474  1.66934
73 -0.598103  1.80697
73.2 -0.232138  1.83453
73.4 0.12927  1.76664
73.6 0.470794  1.64286
73.8 0.785282  1.50144
74 1.07169  1.36419
74.2 1.33164  1.23677
74.4 1.56683  1.11567
74.6 1.77792  0.994819
74.8 1.96446  0.869597
75 2.12534  0.738215
75.2 2.25937  0.601334
75.4 2.36563  0.460852
75.6 2.44361  0.318723
75.8 2.4931  0.176245
76 2.51411  0.0339057
76.2 2.50667  -0.108377
76.4 2.47075  -0.250806
76.6 2.40635  -0.393212
76.8 2.31353  -0.534692
77 2.19264  -0.673553
77.2 2.04442  -0.807745
77.4 1.86996  -0.935854
77.6 1.67046  -1.05838
77.8 1.44676  -1.17863
78 1.19878  -1.30232
78.2 0.925229  -1.43485
78.4 0.624234  -1.57587
78.6 0.295161  -1.71197
78.8 -0.0581712  -1.81192
79 -0.424365  -1.8338
79.2 -0.784411  -1.74805
79.4 -1.11665  -1.55975
79.6 -1.40386  -1.30515
79.8 -1.63715  -1.02686
80 -1.81501  -0.754121
80.2 -1.94  -0.498985
80.4 -2.01578  -0.261287
80.6 -2.04524  -0.0343805
80.8 -2.02963  0.191026
81 -1.96828  0.424533
81.2 -1.85875  0.673912
81.4 -1.69746  0.941846
81.6 -1.48125  1.2207
81.8 -1.21001  1.4867
82 -0.890092  1.7
82.2 -0.536341  1.81951
82.4 -0.16975  1.82879
82.6 0.18913  1.74831
82.8 0.526344  1.61918
83 0.836008  1.47745
83.2 1.11777  1.34182
83.4 1.3734  1.21587
83.6 1.60448  1.09523
83.8 1.81145  0.97389
84 1.9937  0.847666
84.2 2.15009  0.71525
84.4 2.27945  0.577607
84.6 2.38092  0.43672
84.8 2.45405  0.294462
85 2.49869  0.151994
85.2 2.51486  0.00967952
85.4 2.50256  -0.132618
85.6 2.4618  -0.275072
85.8 2.39254  -0.417407
86 2.29491  -0.558579
86.2 2.16931  -0.696788
86.4 2.01653  -0.830008
86.6 1.83772  -0.95706
86.8 1.63406  -1.07888
87 1.40627  -1.19928
87.2 1.15405  -1.32416
87.4 0.87596  -1.45843
87.6 0.570152  -1.60003
87.8 0.2365  -1.73265
88 -0.120063  -1.82229
88.2 -0.486714  -1.82717
88.4 -0.843516  -1.72251
88.6 -1.16909  -1.51983
88.8 -1.44751  -1.2584
89 -1.67132  -0.979491
89.2 -1.83993  -0.709317
89.4 -1.95628  -0.457404
89.6 -2.02401  -0.222123
89.8 -2.04576  0.0038382
90 -2.02246  0.229967
90.2 -1.95312  0.465716
90.4 -1.83504  0.718273
90.6 -1.66458  0.988985
90.8 -1.43887  1.26783
91 -1.15867  1.52799
91.2 -0.831714  1.72788
91.4 -0.474208  1.82876
91.6 -0.107602  1.8204
91.8 0.24834  1.72859
