0.0000000000e+00  0.0000000000e+00 0.0000000000e+00 0.0000000000e+00
5.0000000000e-02  -5.3785866877e-07 -5.3818146084e-07 -5.3818140161e-07
1.0000000000e-01  -1.0789478657e-06 -1.0802427852e-06 -1.0802425474e-06
1.5000000000e-01  -1.6271796767e-06 -1.6301067960e-06 -1.6301062572e-06
2.0000000000e-01  -2.1865451008e-06 -2.1917825775e-06 -2.1917816108e-06
2.5000000000e-01  -2.7611585962e-06 -2.7694103066e-06 -2.7694087784e-06
3.0000000000e-01  -3.3553045738e-06 -3.3673081541e-06 -3.3673059215e-06
3.5000000000e-01  -3.9734865859e-06 -3.9900220125e-06 -3.9900189215e-06
4.0000000000e-01  -4.6204800199e-06 -4.6423788717e-06 -4.6423747543e-06
4.5000000000e-01  -5.3013891791e-06 -5.3295447394e-06 -5.3295394108e-06
5.0000000000e-01  -6.0217097286e-06 -6.0570881042e-06 -6.0570813594e-06
5.5000000000e-01  -6.7873976068e-06 -6.8310500621e-06 -6.8310416720e-06
6.0000000000e-01  -7.6049456423e-06 -7.6580223763e-06 -7.6580120839e-06
6.5000000000e-01  -8.4814692992e-06 -8.5452349253e-06 -8.5452224399e-06
7.0000000000e-01  -9.4248031771e-06 -9.5006542063e-06 -9.5006391985e-06
7.5000000000e-01  -1.0443610152e-05 -1.0533094828e-05 -1.0533076923e-05
8.0000000000e-01  -1.1547505350e-05 -1.1652346241e-05 -1.1652325009e-05
8.5000000000e-01  -1.2747197493e-05 -1.2869317318e-05 -1.2869292268e-05
9.0000000000e-01  -1.4054650627e-05 -1.4196201869e-05 -1.4196172435e-05
9.5000000000e-01  -1.5483269711e-05 -1.5646668680e-05 -1.5646634211e-05
1.0000000000e+00  -1.7048114230e-05 -1.7236080345e-05 -1.7236040086e-05
1.0500000000e+00  -1.8766144694e-05 -1.8981745902e-05 -1.8981698981e-05
1.1000000000e+00  -2.0656507815e-05 -2.0903213246e-05 -2.0903158648e-05
1.1500000000e+00  -2.2740867239e-05 -2.3022608379e-05 -2.3022544923e-05
1.2000000000e+00  -2.5043788005e-05 -2.5365029952e-05 -2.5364956260e-05
1.2500000000e+00  -2.7593184509e-05 -2.7959009155e-05 -2.7958923614e-05
1.3000000000e+00  -3.0420843655e-05 -3.0837047026e-05 -3.0836947745e-05
1.3500000000e+00  -3.3563037239e-05 -3.4036243666e-05 -3.4036128424e-05
1.4000000000e+00  -3.7061240433e-05 -3.7599036787e-05 -3.7598902966e-05
1.4500000000e+00  -4.0962976742e-05 -4.1574070638e-05 -4.1573915148e-05
1.5000000000e+00  -4.5322814061e-05 -4.6017220781e-05 -4.6017039962e-05
1.5500000000e+00  -5.0203541722e-05 -5.0992805616e-05 -5.0992595125e-05
1.6000000000e+00  -5.5677564859e-05 -5.6575022286e-05 -5.6574776953e-05
1.6500000000e+00  -6.1828560457e-05 -6.2849652873e-05 -6.2849366533e-05
1.7000000000e+00  -6.8753449329e-05 -6.9916097142e-05 -6.9915762415e-05
1.7500000000e+00  -7.6564750650e-05 -7.7889800891e-05 -7.7889408921e-05
1.8000000000e+00  -8.5393401068e-05 -8.6905165050e-05 -8.6904705180e-05
1.8500000000e+00  -9.5392139774e-05 -9.7119040813e-05 -9.7118500174e-05
1.9000000000e+00  -1.0673958523e-04 -1.0871494142e-04 -1.0871430443e-04
1.9500000000e+00  -1.1964515995e-04 -1.2190813335e-04 -1.2190738106e-04
2.0000000000e+00  -1.3435505877e-04 -1.3695181024e-04 -1.3695091956e-04
2.0500000000e+00  -1.5115950561e-04 -1.5414460506e-04 -1.5414354773e-04
2.1000000000e+00  -1.7040160717e-04 -1.7383976213e-04 -1.7383850340e-04
2.1500000000e+00  -1.9248819384e-04 -1.9645637648e-04 -1.9645487353e-04
2.2000000000e+00  -2.1790314303e-04 -2.2249321852e-04 -2.2249141830e-04
2.2500000000e+00  -2.4722381737e-04 -2.5254580565e-04 -2.5254364216e-04
2.3000000000e+00  -2.8114142814e-04 -2.8732757049e-04 -2.8732496126e-04
2.3500000000e+00  -3.2048636876e-04 -3.2769622209e-04 -3.2769306359e-04
2.4000000000e+00  -3.6625987168e-04 -3.7468672314e-04 -3.7468288468e-04
2.4500000000e+00  -4.1967375247e-04 -4.2955274013e-04 -4.2954805589e-04
2.5000000000e+00  -4.8220055256e-04 -4.9381900542e-04 -4.9381326379e-04
2.5500000000e+00  -5.5563713010e-04 -5.6934781466e-04 -5.6934074390e-04
2.6000000000e+00  -6.4218574751e-04 -6.5842394920e-04 -6.5841519816e-04
2.6500000000e+00  -7.4455806988e-04 -7.6386377429e-04 -7.6385288595e-04
2.7000000000e+00  -8.6610936781e-04 -8.8915628115e-04 -8.8914265628e-04
2.7500000000e+00  -1.0110128290e-03 -1.0386466542e-03 -1.0386295007e-03
2.8000000000e+00  -1.1844875402e-03 -1.2177769009e-03 -1.2177551628e-03
2.8500000000e+00  -1.3930988741e-03 -1.4334037062e-03 -1.4333759620e-03
2.9000000000e+00  -1.6451574095e-03 -1.6942217444e-03 -1.6941860614e-03
2.9500000000e+00  -1.9512531754e-03 -2.0113324045e-03 -2.0112861254e-03
3.0000000000e+00  -2.3249775686e-03 -2.3990150815e-03 -2.3989545087e-03
3.0500000000e+00  -2.7839082130e-03 -2.8757837166e-03 -2.8757036373e-03
3.1000000000e+00  -3.3509661323e-03 -3.4658495641e-03 -3.4657425251e-03
3.1500000000e+00  -4.0563057747e-03 -4.2011691542e-03 -4.2010243366e-03
3.2000000000e+00  -4.9399756173e-03 -5.1243448234e-03 -5.1241462699e-03
3.2500000000e+00  -6.0557034357e-03 -6.2927800609e-03 -6.2925038452e-03
3.3000000000e+00  -7.4763334697e-03 -7.7846954030e-03 -7.7843050732e-03
3.3500000000e+00  -9.3016900372e-03 -9.7079060397e-03 -9.7073453024e-03
3.4000000000e+00  -1.1669956561e-02 -1.2212645568e-02 -1.2211826888e-02
3.4500000000e+00  -1.4773912928e-02 -1.5510040955e-02 -1.5508829579e-02
3.5000000000e+00  -1.8882963822e-02 -1.9897347376e-02 -1.9895547231e-02
3.5500000000e+00  -2.4368412854e-02 -2.5786620610e-02 -2.5784003749e-02
3.6000000000e+00  -3.1713572007e-02 -3.3712630052e-02 -3.3709215275e-02
3.6500000000e+00  -4.1424703975e-02 -4.4206660666e-02 -4.4204211254e-02
3.7000000000e+00  -5.3483278391e-02 -5.7035651438e-02 -5.7045001097e-02
3.7500000000e+00  -6.4737740729e-02 -6.7507444332e-02 -6.7582711656e-02
3.8000000000e+00  -5.6400658309e-02 -4.8434359961e-02 -4.8787125182e-02
3.8500000000e+00  7.1539370834e-02 1.4137247827e-01 1.4136307628e-01
3.9000000000e+00  8.7730978397e-01 1.1345415155e+00 1.1651772939e+00
3.9500000000e+00  5.2752389794e+00 3.3550421838e+00 2.0986987826e+00
4.0000000000e+00  2.9590147364e+01 5.8340854817e+01 6.3016494533e+01
4.0500000000e+00  1.2996811323e+02 1.2987356462e+02 1.2778364931e+02
4.1000000000e+00  1.2852794160e+02 1.2850515460e+02 1.2850956151e+02
4.1500000000e+00  1.2846630384e+02 1.2846485339e+02 1.2846500249e+02
4.2000000000e+00  1.2846161028e+02 1.2846142379e+02 1.2846143526e+02
4.2500000000e+00  1.2846092514e+02 1.2846088495e+02 1.2846088653e+02
4.3000000000e+00  1.2846074394e+02 1.2846072027e+02 1.2846072101e+02
4.3500000000e+00  1.2846055898e+02 1.2846049462e+02 1.2846049758e+02
4.4000000000e+00  1.2845984255e+02 1.2845948258e+02 1.2845950877e+02
4.4500000000e+00  1.2845480254e+02 1.2845135992e+02 1.2845179620e+02
4.5000000000e+00  1.2838455745e+02 1.2830907270e+02 1.2832639270e+02
4.5500000000e+00  1.3085523608e+02 2.0257219708e+02 -3.7595228819e+01
4.6000000000e+00  5.2190302825e+16 -2.4976746528e+34 -3.1078157491e+52
4.6500000000e+00  2.9972095834e+35 3.0304772118e+37 -4.5751757245e+71
4.7000000000e+00  2.9972095834e+35 2.9972095834e+35 2.9972095834e+35
4.7500000000e+00  2.9972095834e+35 2.9972095834e+35 2.9972095834e+35
4.8000000000e+00  2.9972095834e+35 2.9972095834e+35 2.9972095834e+35
4.8500000000e+00  2.9972095834e+35 2.9972095834e+35 2.9972095834e+35
4.9000000000e+00  2.9972095834e+35 2.9972095834e+35 2.9972095834e+35
4.9500000000e+00  2.9972095834e+35 2.9972095834e+35 2.9972095834e+35
5.0000000000e+00  2.9972095834e+35 2.9972095834e+35 2.9972095834e+35
5.0500000000e+00  2.9972095834e+35 2.9972095834e+35 2.9972095834e+35
5.1000000000e+00  2.9972095834e+35 2.9972095834e+35 2.9972095834e+35
5.1500000000e+00  2.9972095834e+35 2.9972095834e+35 2.9972095834e+35
5.2000000000e+00  2.9972095834e+35 2.9972095834e+35 2.9972095834e+35
5.2500000000e+00  2.9972095834e+35 2.9972095834e+35 2.9972095834e+35
5.3000000000e+00  2.9972095834e+35 2.9972095834e+35 2.9972095834e+35
5.3500000000e+00  2.9972095834e+35 2.9972095834e+35 2.9972095834e+35
5.4000000000e+00  2.9972095834e+35 2.9972095834e+35 2.9972095834e+35
5.4500000000e+00  2.9972095834e+35 2.9972095834e+35 2.9972095834e+35
5.5000000000e+00  2.9972095834e+35 2.9972095834e+35 2.9972095834e+35
5.5500000000e+00  2.9972095834e+35 2.9972095834e+35 2.9972095834e+35
5.6000000000e+00  2.9972095834e+35 2.9972095834e+35 2.9972095834e+35
5.6500000000e+00  2.9972095834e+35 2.9972095834e+35 2.9972095834e+35
5.7000000000e+00  2.9972095834e+35 2.9972095834e+35 2.9972095834e+35
5.7500000000e+00  2.9972095834e+35 2.9972095834e+35 2.9972095834e+35
5.8000000000e+00  2.9972095834e+35 2.9972095834e+35 2.9972095834e+35
5.8500000000e+00  2.9972095834e+35 2.9972095834e+35 2.9972095834e+35
5.9000000000e+00  2.9972095834e+35 2.9972095834e+35 2.9972095834e+35
5.9500000000e+00  2.9972095834e+35 2.9972095834e+35 2.9972095834e+35
6.0000000000e+00  2.9972095834e+35 2.9972095834e+35 2.9972095834e+35
6.0500000000e+00  2.9972095834e+35 2.9972095834e+35 2.9972095834e+35
6.1000000000e+00  2.9972095834e+35 2.9972095834e+35 2.9972095834e+35
6.1500000000e+00  2.9972095834e+35 2.9972095834e+35 2.9972095834e+35
6.2000000000e+00  2.9972095834e+35 2.9972095834e+35 2.9972095834e+35
6.2500000000e+00  2.9972095834e+35 2.9972095834e+35 2.9972095834e+35
6.3000000000e+00  2.9972095834e+35 2.9972095834e+35 2.9972095834e+35
6.3500000000e+00  2.9972095834e+35 2.9972095834e+35 2.9972095834e+35
6.4000000000e+00  2.9972095834e+35 2.9972095834e+35 2.9972095834e+35
6.4500000000e+00  2.9972095834e+35 2.9972095834e+35 2.9972095834e+35
6.5000000000e+00  2.9972095834e+35 2.9972095834e+35 2.9972095834e+35
6.5500000000e+00  2.9972095834e+35 2.9972095834e+35 2.9972095834e+35
6.6000000000e+00  2.9972095834e+35 2.9972095834e+35 2.9972095834e+35
6.6500000000e+00  2.9972095834e+35 2.9972095834e+35 2.9972095834e+35
6.7000000000e+00  2.9972095834e+35 2.9972095834e+35 2.9972095834e+35
6.7500000000e+00  2.9972095834e+35 2.9972095834e+35 2.9972095834e+35
6.8000000000e+00  2.9972095834e+35 2.9972095834e+35 2.9972095834e+35
6.8500000000e+00  2.9972095834e+35 2.9972095834e+35 2.9972095834e+35
6.9000000000e+00  2.9972095834e+35 2.9972095834e+35 2.9972095834e+35
6.9500000000e+00  2.9972095834e+35 2.9972095834e+35 2.9972095834e+35
7.0000000000e+00  2.9972095834e+35 2.9972095834e+35 2.9972095834e+35
7.0500000000e+00  2.9972095834e+35 2.9972095834e+35 2.9972095834e+35
7.1000000000e+00  2.9972095834e+35 2.9972095834e+35 2.9972095834e+35
7.1500000000e+00  2.9972095834e+35 2.9972095834e+35 2.9972095834e+35
7.2000000000e+00  2.9972095834e+35 2.9972095834e+35 2.9972095834e+35
7.2500000000e+00  2.9972095834e+35 2.9972095834e+35 2.9972095834e+35
7.3000000000e+00  2.9972095834e+35 2.9972095834e+35 2.9972095834e+35
7.3500000000e+00  2.9972095834e+35 2.9972095834e+35 2.9972095834e+35
7.4000000000e+00  2.9972095834e+35 2.9972095834e+35 2.9972095834e+35
7.4500000000e+00  2.9972095834e+35 2.9972095834e+35 2.9972095834e+35
7.5000000000e+00  2.9972095834e+35 2.9972095834e+35 2.9972095834e+35
7.5500000000e+00  2.9972095834e+35 2.9972095834e+35 2.9972095834e+35
7.6000000000e+00  2.9972095834e+35 2.9972095834e+35 2.9972095834e+35
7.6500000000e+00  2.9972095834e+35 2.9972095834e+35 2.9972095834e+35
7.7000000000e+00  2.9972095834e+35 2.9972095834e+35 2.9972095834e+35
7.7500000000e+00  2.9972095834e+35 2.9972095834e+35 2.9972095834e+35
7.8000000000e+00  2.9972095834e+35 2.9972095834e+35 2.9972095834e+35
7.8500000000e+00  2.9972095834e+35 2.9972095834e+35 2.9972095834e+35
7.9000000000e+00  2.9972095834e+35 2.9972095834e+35 2.9972095834e+35
7.9500000000e+00  2.9972095834e+35 2.9972095834e+35 2.9972095834e+35
8.0000000000e+00  2.9972095834e+35 2.9972095834e+35 2.9972095834e+35
8.0500000000e+00  2.9972095834e+35 2.9972095834e+35 2.9972095834e+35
8.1000000000e+00  2.9972095834e+35 2.9972095834e+35 2.9972095834e+35
8.1500000000e+00  2.9972095834e+35 2.9972095834e+35 2.9972095834e+35
8.2000000000e+00  2.9972095834e+35 2.9972095834e+35 2.9972095834e+35
8.2500000000e+00  2.9972095834e+35 2.9972095834e+35 2.9972095834e+35
8.3000000000e+00  2.9972095834e+35 2.9972095834e+35 2.9972095834e+35
8.3500000000e+00  2.9972095834e+35 2.9972095834e+35 2.9972095834e+35
8.4000000000e+00  2.9972095834e+35 2.9972095834e+35 2.9972095834e+35
8.4500000000e+00  2.9972095834e+35 2.9972095834e+35 2.9972095834e+35
8.5000000000e+00  2.9972095834e+35 2.9972095834e+35 2.9972095834e+35
8.5500000000e+00  2.9972095834e+35 2.9972095834e+35 2.9972095834e+35
8.6000000000e+00  2.9972095834e+35 2.9972095834e+35 2.9972095834e+35
8.6500000000e+00  2.9972095834e+35 2.9972095834e+35 2.9972095834e+35
8.7000000000e+00  2.9972095834e+35 2.9972095834e+35 2.9972095834e+35
8.7500000000e+00  2.9972095834e+35 2.9972095834e+35 2.9972095834e+35
8.8000000000e+00  2.9972095834e+35 2.9972095834e+35 2.9972095834e+35
8.8500000000e+00  2.9972095834e+35 2.9972095834e+35 2.9972095834e+35
8.9000000000e+00  2.9972095834e+35 2.9972095834e+35 2.9972095834e+35
8.9500000000e+00  2.9972095834e+35 2.9972095834e+35 2.9972095834e+35
9.0000000000e+00  2.9972095834e+35 2.9972095834e+35 2.9972095834e+35
9.0500000000e+00  2.9972095834e+35 2.9972095834e+35 2.9972095834e+35
9.1000000000e+00  2.9972095834e+35 2.9972095834e+35 2.9972095834e+35
9.1500000000e+00  2.9972095834e+35 2.9972095834e+35 2.9972095834e+35
9.2000000000e+00  2.9972095834e+35 2.9972095834e+35 2.9972095834e+35
9.2500000000e+00  2.9972095834e+35 2.9972095834e+35 2.9972095834e+35
9.3000000000e+00  2.9972095834e+35 2.9972095834e+35 2.9972095834e+35
9.3500000000e+00  2.9972095834e+35 2.9972095834e+35 2.9972095834e+35
9.4000000000e+00  2.9972095834e+35 2.9972095834e+35 2.9972095834e+35
9.4500000000e+00  2.9972095834e+35 2.9972095834e+35 2.9972095834e+35
9.5000000000e+00  2.9972095834e+35 2.9972095834e+35 2.9972095834e+35
9.5500000000e+00  2.9972095834e+35 2.9972095834e+35 2.9972095834e+35
9.6000000000e+00  2.9972095834e+35 2.9972095834e+35 2.9972095834e+35
9.6500000000e+00  2.9972095834e+35 2.9972095834e+35 2.9972095834e+35
9.7000000000e+00  2.9972095834e+35 2.9972095834e+35 2.9972095834e+35
9.7500000000e+00  2.9972095834e+35 2.9972095834e+35 2.9972095834e+35
9.8000000000e+00  2.9972095834e+35 2.9972095834e+35 2.9972095834e+35
9.8500000000e+00  2.9972095834e+35 2.9972095834e+35 2.9972095834e+35
9.9000000000e+00  2.9972095834e+35 2.9972095834e+35 2.9972095834e+35
9.9500000000e+00  2.9972095834e+35 2.9972095834e+35 2.9972095834e+35
1.0000000000e+01  2.9972095834e+35 2.9972095834e+35 2.9972095834e+35
1.0050000000e+01  2.9972095834e+35 2.9972095834e+35 2.9972095834e+35
1.0100000000e+01  2.9972095834e+35 2.9972095834e+35 2.9972095834e+35
1.0150000000e+01  2.9972095834e+35 2.9972095834e+35 2.9972095834e+35
1.0200000000e+01  2.9972095834e+35 2.9972095834e+35 2.9972095834e+35
1.0250000000e+01  2.9972095834e+35 2.9972095834e+35 2.9972095834e+35
1.0300000000e+01  2.9972095834e+35 2.9972095834e+35 2.9972095834e+35
1.0350000000e+01  2.9972095834e+35 2.9972095834e+35 2.9972095834e+35
1.0400000000e+01  2.9972095834e+35 2.9972095834e+35 2.9972095834e+35
1.0450000000e+01  2.9972095834e+35 2.9972095834e+35 2.9972095834e+35
1.0500000000e+01  2.9972095834e+35 2.9972095834e+35 2.9972095834e+35
1.0550000000e+01  2.9972095834e+35 2.9972095834e+35 2.9972095834e+35
1.0600000000e+01  2.9972095834e+35 2.9972095834e+35 2.9972095834e+35
1.0650000000e+01  2.9972095834e+35 2.9972095834e+35 2.9972095834e+35
1.0700000000e+01  2.9972095834e+35 2.9972095834e+35 2.9972095834e+35
1.0750000000e+01  2.9972095834e+35 2.9972095834e+35 2.9972095834e+35
1.0800000000e+01  2.9972095834e+35 2.9972095834e+35 2.9972095834e+35
1.0850000000e+01  2.9972095834e+35 2.9972095834e+35 2.9972095834e+35
1.0900000000e+01  2.9972095834e+35 2.9972095834e+35 2.9972095834e+35
1.0950000000e+01  2.9972095834e+35 2.9972095834e+35 2.9972095834e+35
1.1000000000e+01  2.9972095834e+35 2.9972095834e+35 2.9972095834e+35
1.1050000000e+01  2.9972095834e+35 2.9972095834e+35 2.9972095834e+35
1.1100000000e+01  2.9972095834e+35 2.9972095834e+35 2.9972095834e+35
1.1150000000e+01  2.9972095834e+35 2.9972095834e+35 2.9972095834e+35
1.1200000000e+01  2.9972095834e+35 2.9972095834e+35 2.9972095834e+35
1.1250000000e+01  2.9972095834e+35 2.9972095834e+35 2.9972095834e+35
1.1300000000e+01  2.9972095834e+35 2.9972095834e+35 2.9972095834e+35
1.1350000000e+01  2.9972095834e+35 2.9972095834e+35 2.9972095834e+35
1.1400000000e+01  2.9972095834e+35 2.9972095834e+35 2.9972095834e+35
1.1450000000e+01  2.9972095834e+35 2.9972095834e+35 2.9972095834e+35
1.1500000000e+01  2.9972095834e+35 2.9972095834e+35 2.9972095834e+35
1.1550000000e+01  2.9972095834e+35 2.9972095834e+35 2.9972095834e+35
1.1600000000e+01  2.9972095834e+35 2.9972095834e+35 2.9972095834e+35
1.1650000000e+01  2.9972095834e+35 2.9972095834e+35 2.9972095834e+35
1.1700000000e+01  2.9972095834e+35 2.9972095834e+35 2.9972095834e+35
1.1750000000e+01  2.9972095834e+35 2.9972095834e+35 2.9972095834e+35
1.1800000000e+01  2.9972095834e+35 2.9972095834e+35 2.9972095834e+35
1.1850000000e+01  2.9972095834e+35 2.9972095834e+35 2.9972095834e+35
1.1900000000e+01  2.9972095834e+35 2.9972095834e+35 2.9972095834e+35
1.1950000000e+01  2.9972095834e+35 2.9972095834e+35 2.9972095834e+35
1.2000000000e+01  2.9972095834e+35 2.9972095834e+35 2.9972095834e+35
1.2050000000e+01  2.9972095834e+35 2.9972095834e+35 2.9972095834e+35
1.2100000000e+01  2.9972095834e+35 2.9972095834e+35 2.9972095834e+35
1.2150000000e+01  2.9972095834e+35 2.9972095834e+35 2.9972095834e+35
1.2200000000e+01  2.9972095834e+35 2.9972095834e+35 2.9972095834e+35
1.2250000000e+01  2.9972095834e+35 2.9972095834e+35 2.9972095834e+35
1.2300000000e+01  2.9972095834e+35 2.9972095834e+35 2.9972095834e+35
1.2350000000e+01  2.9972095834e+35 2.9972095834e+35 2.9972095834e+35
1.2400000000e+01  2.9972095834e+35 2.9972095834e+35 2.9972095834e+35
1.2450000000e+01  2.9972095834e+35 2.9972095834e+35 2.9972095834e+35
1.2500000000e+01  2.9972095834e+35 2.9972095834e+35 2.9972095834e+35
1.2550000000e+01  2.9972095834e+35 2.9972095834e+35 2.9972095834e+35
1.2600000000e+01  2.9972095834e+35 2.9972095834e+35 2.9972095834e+35
1.2650000000e+01  2.9972095834e+35 2.9972095834e+35 2.9972095834e+35
1.2700000000e+01  2.9972095834e+35 2.9972095834e+35 2.9972095834e+35
1.2750000000e+01  2.9972095834e+35 2.9972095834e+35 2.9972095834e+35
1.2800000000e+01  2.9972095834e+35 2.9972095834e+35 2.9972095834e+35
1.2850000000e+01  2.9972095834e+35 2.9972095834e+35 2.9972095834e+35
1.2900000000e+01  2.9972095834e+35 2.9972095834e+35 2.9972095834e+35
1.2950000000e+01  2.9972095834e+35 2.9972095834e+35 2.9972095834e+35
1.3000000000e+01  2.9972095834e+35 2.9972095834e+35 2.9972095834e+35
1.3050000000e+01  2.9972095834e+35 2.9972095834e+35 2.9972095834e+35
1.3100000000e+01  2.9972095834e+35 2.9972095834e+35 2.9972095834e+35
1.3150000000e+01  2.9972095834e+35 2.9972095834e+35 2.9972095834e+35
1.3200000000e+01  2.9972095834e+35 2.9972095834e+35 2.9972095834e+35
1.3250000000e+01  2.9972095834e+35 2.9972095834e+35 2.9972095834e+35
1.3300000000e+01  2.9972095834e+35 2.9972095834e+35 2.9972095834e+35
1.3350000000e+01  2.9972095834e+35 2.9972095834e+35 2.9972095834e+35
1.3400000000e+01  2.9972095834e+35 2.9972095834e+35 2.9972095834e+35
1.3450000000e+01  2.9972095834e+35 2.9972095834e+35 2.9972095834e+35
1.3500000000e+01  2.9972095834e+35 2.9972095834e+35 2.9972095834e+35
1.3550000000e+01  2.9972095834e+35 2.9972095834e+35 2.9972095834e+35
1.3600000000e+01  2.9972095834e+35 2.9972095834e+35 2.9972095834e+35
1.3650000000e+01  2.9972095834e+35 2.9972095834e+35 2.9972095834e+35
1.3700000000e+01  2.9972095834e+35 2.9972095834e+35 2.9972095834e+35
1.3750000000e+01  2.9972095834e+35 2.9972095834e+35 2.9972095834e+35
1.3800000000e+01  2.9972095834e+35 2.9972095834e+35 2.9972095834e+35
1.3850000000e+01  2.9972095834e+35 2.9972095834e+35 2.9972095834e+35
1.3900000000e+01  2.9972095834e+35 2.9972095834e+35 2.9972095834e+35
1.3950000000e+01  2.9972095834e+35 2.9972095834e+35 2.9972095834e+35
1.4000000000e+01  2.9972095834e+35 2.9972095834e+35 2.9972095834e+35
1.4050000000e+01  2.9972095834e+35 2.9972095834e+35 2.9972095834e+35
1.4100000000e+01  2.9972095834e+35 2.9972095834e+35 2.9972095834e+35
1.4150000000e+01  2.9972095834e+35 2.9972095834e+35 2.9972095834e+35
1.4200000000e+01  2.9972095834e+35 2.9972095834e+35 2.9972095834e+35
1.4250000000e+01  2.9972095834e+35 2.9972095834e+35 2.9972095834e+35
1.4300000000e+01  2.9972095834e+35 2.9972095834e+35 2.9972095834e+35
1.4350000000e+01  2.9972095834e+35 2.9972095834e+35 2.9972095834e+35
1.4400000000e+01  2.9972095834e+35 2.9972095834e+35 2.9972095834e+35
1.4450000000e+01  2.9972095834e+35 2.9972095834e+35 2.9972095834e+35
1.4500000000e+01  2.9972095834e+35 2.9972095834e+35 2.9972095834e+35
1.4550000000e+01  2.9972095834e+35 2.9972095834e+35 2.9972095834e+35
1.4600000000e+01  2.9972095834e+35 2.9972095834e+35 2.9972095834e+35
1.4650000000e+01  2.9972095834e+35 2.9972095834e+35 2.9972095834e+35
1.4700000000e+01  2.9972095834e+35 2.9972095834e+35 2.9972095834e+35
1.4750000000e+01  2.9972095834e+35 2.9972095834e+35 2.9972095834e+35
1.4800000000e+01  2.9972095834e+35 2.9972095834e+35 2.9972095834e+35
1.4850000000e+01  2.9972095834e+35 2.9972095834e+35 2.9972095834e+35
1.4900000000e+01  2.9972095834e+35 2.9972095834e+35 2.9972095834e+35
1.4950000000e+01  2.9972095834e+35 2.9972095834e+35 2.9972095834e+35
1.5000000000e+01  2.9972095834e+35 2.9972095834e+35 2.9972095834e+35
1.5050000000e+01  2.9972095834e+35 2.9972095834e+35 2.9972095834e+35
1.5100000000e+01  2.9972095834e+35 2.9972095834e+35 2.9972095834e+35
1.5150000000e+01  2.9972095834e+35 2.9972095834e+35 2.9972095834e+35
1.5200000000e+01  2.9972095834e+35 2.9972095834e+35 2.9972095834e+35
1.5250000000e+01  2.9972095834e+35 2.9972095834e+35 2.9972095834e+35
1.5300000000e+01  2.9972095834e+35 2.9972095834e+35 2.9972095834e+35
1.5350000000e+01  2.9972095834e+35 2.9972095834e+35 2.9972095834e+35
1.5400000000e+01  2.9972095834e+35 2.9972095834e+35 2.9972095834e+35
1.5450000000e+01  2.9972095834e+35 2.9972095834e+35 2.9972095834e+35
1.5500000000e+01  2.9972095834e+35 2.9972095834e+35 2.9972095834e+35
1.5550000000e+01  2.9972095834e+35 2.9972095834e+35 2.9972095834e+35
1.5600000000e+01  2.9972095834e+35 2.9972095834e+35 2.9972095834e+35
1.5650000000e+01  2.9972095834e+35 2.9972095834e+35 2.9972095834e+35
1.5700000000e+01  2.9972095834e+35 2.9972095834e+35 2.9972095834e+35
1.5750000000e+01  2.9972095834e+35 2.9972095834e+35 2.9972095834e+35
1.5800000000e+01  2.9972095834e+35 2.9972095834e+35 2.9972095834e+35
1.5850000000e+01  2.9972095834e+35 2.9972095834e+35 2.9972095834e+35
1.5900000000e+01  2.9972095834e+35 2.9972095834e+35 2.9972095834e+35
1.5950000000e+01  2.9972095834e+35 2.9972095834e+35 2.9972095834e+35
1.6000000000e+01  2.9972095834e+35 2.9972095834e+35 2.9972095834e+35
1.6050000000e+01  2.9972095834e+35 2.9972095834e+35 2.9972095834e+35
1.6100000000e+01  2.9972095834e+35 2.9972095834e+35 2.9972095834e+35
1.6150000000e+01  2.9972095834e+35 2.9972095834e+35 2.9972095834e+35
1.6200000000e+01  2.9972095834e+35 2.9972095834e+35 2.9972095834e+35
1.6250000000e+01  2.9972095834e+35 2.9972095834e+35 2.9972095834e+35
1.6300000000e+01  2.9972095834e+35 2.9972095834e+35 2.9972095834e+35
1.6350000000e+01  2.9972095834e+35 2.9972095834e+35 2.9972095834e+35
1.6400000000e+01  2.9972095834e+35 2.9972095834e+35 2.9972095834e+35
1.6450000000e+01  2.9972095834e+35 2.9972095834e+35 2.9972095834e+35
1.6500000000e+01  2.9972095834e+35 2.9972095834e+35 2.9972095834e+35
1.6550000000e+01  2.9972095834e+35 2.9972095834e+35 2.9972095834e+35
1.6600000000e+01  2.9972095834e+35 2.9972095834e+35 2.9972095834e+35
1.6650000000e+01  2.9972095834e+35 2.9972095834e+35 2.9972095834e+35
1.6700000000e+01  2.9972095834e+35 2.9972095834e+35 2.9972095834e+35
1.6750000000e+01  2.9972095834e+35 2.9972095834e+35 2.9972095834e+35
1.6800000000e+01  2.9972095834e+35 2.9972095834e+35 2.9972095834e+35
1.6850000000e+01  2.9972095834e+35 2.9972095834e+35 2.9972095834e+35
1.6900000000e+01  2.9972095834e+35 2.9972095834e+35 2.9972095834e+35
1.6950000000e+01  2.9972095834e+35 2.9972095834e+35 2.9972095834e+35
1.7000000000e+01  2.9972095834e+35 2.9972095834e+35 2.9972095834e+35
1.7050000000e+01  2.9972095834e+35 2.9972095834e+35 2.9972095834e+35
1.7100000000e+01  2.9972095834e+35 2.9972095834e+35 2.9972095834e+35
1.7150000000e+01  2.9972095834e+35 2.9972095834e+35 2.9972095834e+35
1.7200000000e+01  2.9972095834e+35 2.9972095834e+35 2.9972095834e+35
1.7250000000e+01  2.9972095834e+35 2.9972095834e+35 2.9972095834e+35
1.7300000000e+01  2.9972095834e+35 2.9972095834e+35 2.9972095834e+35
1.7350000000e+01  2.9972095834e+35 2.9972095834e+35 2.9972095834e+35
1.7400000000e+01  2.9972095834e+35 2.9972095834e+35 2.9972095834e+35
1.7450000000e+01  2.9972095834e+35 2.9972095834e+35 2.9972095834e+35
1.7500000000e+01  2.9972095834e+35 2.9972095834e+35 2.9972095834e+35
1.7550000000e+01  2.9972095834e+35 2.9972095834e+35 2.9972095834e+35
1.7600000000e+01  2.9972095834e+35 2.9972095834e+35 2.9972095834e+35
1.7650000000e+01  2.9972095834e+35 2.9972095834e+35 2.9972095834e+35
1.7700000000e+01  2.9972095834e+35 2.9972095834e+35 2.9972095834e+35
1.7750000000e+01  2.9972095834e+35 2.9972095834e+35 2.9972095834e+35
1.7800000000e+01  2.9972095834e+35 2.9972095834e+35 2.9972095834e+35
1.7850000000e+01  2.9972095834e+35 2.9972095834e+35 2.9972095834e+35
1.7900000000e+01  2.9972095834e+35 2.9972095834e+35 2.9972095834e+35
1.7950000000e+01  2.9972095834e+35 2.9972095834e+35 2.9972095834e+35
1.8000000000e+01  2.9972095834e+35 2.9972095834e+35 2.9972095834e+35
1.8050000000e+01  2.9972095834e+35 2.9972095834e+35 2.9972095834e+35
1.8100000000e+01  2.9972095834e+35 2.9972095834e+35 2.9972095834e+35
1.8150000000e+01  2.9972095834e+35 2.9972095834e+35 2.9972095834e+35
1.8200000000e+01  2.9972095834e+35 2.9972095834e+35 2.9972095834e+35
1.8250000000e+01  2.9972095834e+35 2.9972095834e+35 2.9972095834e+35
1.8300000000e+01  2.9972095834e+35 2.9972095834e+35 2.9972095834e+35
1.8350000000e+01  2.9972095834e+35 2.9972095834e+35 2.9972095834e+35
1.8400000000e+01  2.9972095834e+35 2.9972095834e+35 2.9972095834e+35
1.8450000000e+01  2.9972095834e+35 2.9972095834e+35 2.9972095834e+35
1.8500000000e+01  2.9972095834e+35 2.9972095834e+35 2.9972095834e+35
1.8550000000e+01  2.9972095834e+35 2.9972095834e+35 2.9972095834e+35
1.8600000000e+01  2.9972095834e+35 2.9972095834e+35 2.9972095834e+35
1.8650000000e+01  2.9972095834e+35 2.9972095834e+35 2.9972095834e+35
1.8700000000e+01  2.9972095834e+35 2.9972095834e+35 2.9972095834e+35
1.8750000000e+01  2.9972095834e+35 2.9972095834e+35 2.9972095834e+35
1.8800000000e+01  2.9972095834e+35 2.9972095834e+35 2.9972095834e+35
1.8850000000e+01  2.9972095834e+35 2.9972095834e+35 2.9972095834e+35
1.8900000000e+01  2.9972095834e+35 2.9972095834e+35 2.9972095834e+35
1.8950000000e+01  2.9972095834e+35 2.9972095834e+35 2.9972095834e+35
1.9000000000e+01  2.9972095834e+35 2.9972095834e+35 2.9972095834e+35
1.9050000000e+01  2.9972095834e+35 2.9972095834e+35 2.9972095834e+35
1.9100000000e+01  2.9972095834e+35 2.9972095834e+35 2.9972095834e+35
1.9150000000e+01  2.9972095834e+35 2.9972095834e+35 2.9972095834e+35
1.9200000000e+01  2.9972095834e+35 2.9972095834e+35 2.9972095834e+35
1.9250000000e+01  2.9972095834e+35 2.9972095834e+35 2.9972095834e+35
1.9300000000e+01  2.9972095834e+35 2.9972095834e+35 2.9972095834e+35
1.9350000000e+01  2.9972095834e+35 2.9972095834e+35 2.9972095834e+35
1.9400000000e+01  2.9972095834e+35 2.9972095834e+35 2.9972095834e+35
1.9450000000e+01  2.9972095834e+35 2.9972095834e+35 2.9972095834e+35
1.9500000000e+01  2.9972095834e+35 2.9972095834e+35 2.9972095834e+35
1.9550000000e+01  2.9972095834e+35 2.9972095834e+35 2.9972095834e+35
1.9600000000e+01  2.9972095834e+35 2.9972095834e+35 2.9972095834e+35
1.9650000000e+01  2.9972095834e+35 2.9972095834e+35 2.9972095834e+35
1.9700000000e+01  2.9972095834e+35 2.9972095834e+35 2.9972095834e+35
1.9750000000e+01  2.9972095834e+35 2.9972095834e+35 2.9972095834e+35
1.9800000000e+01  2.9972095834e+35 2.9972095834e+35 2.9972095834e+35
1.9850000000e+01  2.9972095834e+35 2.9972095834e+35 2.9972095834e+35
1.9900000000e+01  2.9972095834e+35 2.9972095834e+35 2.9972095834e+35
1.9950000000e+01  2.9972095834e+35 2.9972095834e+35 2.9972095834e+35
2.0000000000e+01  2.9972095834e+35 2.9972095834e+35 2.9972095834e+35
