0 5 -1
0.05 4.95  -1
0.1 4.9  -1
0.15 4.85  -1
0.2 4.8  -1.00001
0.25 4.75  -1.00001
0.3 4.7  -1.00002
0.35 4.65  -1.00002
0.4 4.6  -1.00003
0.45 4.55  -1.00004
0.5 4.49999  -1.00005
0.55 4.44999  -1.00006
0.6 4.39999  -1.00008
0.65 4.34998  -1.00009
0.7 4.29998  -1.00011
0.75 4.24997  -1.00013
0.8 4.19997  -1.00015
0.85 4.14996  -1.00017
0.9 4.09995  -1.0002
0.95 4.04994  -1.00023
1 3.99993  -1.00026
1.05 3.94992  -1.00029
1.1 3.8999  -1.00033
1.15 3.84989  -1.00037
1.2 3.79987  -1.00042
1.25 3.74985  -1.00047
1.3 3.69982  -1.00053
1.35 3.6498  -1.00059
1.4 3.59977  -1.00065
1.45 3.54973  -1.00073
1.5 3.4997  -1.00081
1.55 3.44966  -1.00091
1.6 3.39961  -1.00101
1.65 3.34956  -1.00112
1.7 3.29951  -1.00125
1.75 3.24944  -1.00139
1.8 3.19937  -1.00154
1.85 3.1493  -1.00172
1.9 3.09921  -1.00191
1.95 3.04912  -1.00213
2 2.99901  -1.00237
2.05 2.94889  -1.00264
2.1 2.89876  -1.00295
2.15 2.84861  -1.0033
2.2 2.79845  -1.00369
2.25 2.74826  -1.00414
2.3 2.69805  -1.00464
2.35 2.64782  -1.00522
2.4 2.59756  -1.00587
2.45 2.54727  -1.00662
2.5 2.49694  -1.00748
2.55 2.44656  -1.00847
2.6 2.39614  -1.00961
2.65 2.34566  -1.01092
2.7 2.29511  -1.01245
2.75 2.24449  -1.01422
2.8 2.19378  -1.0163
2.85 2.14296  -1.01873
2.9 2.09203  -1.02159
2.95 2.04095  -1.02497
3 1.9897  -1.02898
3.05 1.93825  -1.03376
3.1 1.88656  -1.03949
3.15 1.83459  -1.04639
3.2 1.78227  -1.05474
3.25 1.72953  -1.06492
3.3 1.67629  -1.07739
3.35 1.62242  -1.0928
3.4 1.56778  -1.11196
3.45 1.51218  -1.136
3.5 1.45538  -1.16641
3.55 1.39706  -1.20523
3.6 1.3368  -1.25522
3.65 1.27404  -1.32009
3.7 1.20803  -1.40446
3.75 1.13781  -1.51285
3.8 1.06217  -1.64387
3.85 0.979973  -1.76331
3.9 0.891807  -1.6741
3.95 0.808103  -0.353028
4 0.790451  6.55468
4.05 1.11818  16.2006
4.1 1.92821  16.0665
4.15 2.73154  16.0606
4.2 3.53457  16.06
4.25 4.33757  16.06
4.3 5.14057  16.0599
4.35 5.94356  16.0599
4.4 6.74656  16.06
4.45 7.54956  16.0601
4.5 8.35256  16.0612
4.55 9.15563  16.0786
4.6 9.95955  12.6292
4.65 10.591  -7.74236e+17
4.7 -3.87118e+16  -7.74236e+17
4.75 -7.74236e+16  -7.74236e+17
4.8 -1.16135e+17  -7.74236e+17
4.85 -1.54847e+17  -7.74236e+17
4.9 -1.93559e+17  -7.74236e+17
4.95 -2.32271e+17  -7.74236e+17
5 -2.70983e+17  -7.74236e+17
5.05 -3.09695e+17  -7.74236e+17
5.1 -3.48406e+17  -7.74236e+17
5.15 -3.87118e+17  -7.74236e+17
5.2 -4.2583e+17  -7.74236e+17
5.25 -4.64542e+17  -7.74236e+17
5.3 -5.03254e+17  -7.74236e+17
5.35 -5.41965e+17  -7.74236e+17
5.4 -5.80677e+17  -7.74236e+17
5.45 -6.19389e+17  -7.74236e+17
5.5 -6.58101e+17  -7.74236e+17
5.55 -6.96813e+17  -7.74236e+17
5.6 -7.35525e+17  -7.74236e+17
5.65 -7.74236e+17  -7.74236e+17
5.7 -8.12948e+17  -7.74236e+17
5.75 -8.5166e+17  -7.74236e+17
5.8 -8.90372e+17  -7.74236e+17
5.85 -9.29084e+17  -7.74236e+17
5.9 -9.67795e+17  -7.74236e+17
5.95 -1.00651e+18  -7.74236e+17
6 -1.04522e+18  -7.74236e+17
6.05 -1.08393e+18  -7.74236e+17
6.1 -1.12264e+18  -7.74236e+17
6.15 -1.16135e+18  -7.74236e+17
6.2 -1.20007e+18  -7.74236e+17
6.25 -1.23878e+18  -7.74236e+17
6.3 -1.27749e+18  -7.74236e+17
6.35 -1.3162e+18  -7.74236e+17
6.4 -1.35491e+18  -7.74236e+17
6.45 -1.39363e+18  -7.74236e+17
6.5 -1.43234e+18  -7.74236e+17
6.55 -1.47105e+18  -7.74236e+17
6.6 -1.50976e+18  -7.74236e+17
6.65 -1.54847e+18  -7.74236e+17
6.7 -1.58718e+18  -7.74236e+17
6.75 -1.6259e+18  -7.74236e+17
6.8 -1.66461e+18  -7.74236e+17
6.85 -1.70332e+18  -7.74236e+17
6.9 -1.74203e+18  -7.74236e+17
6.95 -1.78074e+18  -7.74236e+17
7 -1.81946e+18  -7.74236e+17
7.05 -1.85817e+18  -7.74236e+17
7.1 -1.89688e+18  -7.74236e+17
7.15 -1.93559e+18  -7.74236e+17
7.2 -1.9743e+18  -7.74236e+17
7.25 -2.01301e+18  -7.74236e+17
7.3 -2.05173e+18  -7.74236e+17
7.35 -2.09044e+18  -7.74236e+17
7.4 -2.12915e+18  -7.74236e+17
7.45 -2.16786e+18  -7.74236e+17
7.5 -2.20657e+18  -7.74236e+17
7.55 -2.24529e+18  -7.74236e+17
7.6 -2.284e+18  -7.74236e+17
7.65 -2.32271e+18  -7.74236e+17
7.7 -2.36142e+18  -7.74236e+17
7.75 -2.40013e+18  -7.74236e+17
7.8 -2.43884e+18  -7.74236e+17
7.85 -2.47756e+18  -7.74236e+17
7.9 -2.51627e+18  -7.74236e+17
7.95 -2.55498e+18  -7.74236e+17
8 -2.59369e+18  -7.74236e+17
8.05 -2.6324e+18  -7.74236e+17
8.1 -2.67112e+18  -7.74236e+17
8.15 -2.70983e+18  -7.74236e+17
8.2 -2.74854e+18  -7.74236e+17
8.25 -2.78725e+18  -7.74236e+17
8.3 -2.82596e+18  -7.74236e+17
8.35 -2.86467e+18  -7.74236e+17
8.4 -2.90339e+18  -7.74236e+17
8.45 -2.9421e+18  -7.74236e+17
8.5 -2.98081e+18  -7.74236e+17
8.55 -3.01952e+18  -7.74236e+17
8.6 -3.05823e+18  -7.74236e+17
8.65 -3.09695e+18  -7.74236e+17
8.7 -3.13566e+18  -7.74236e+17
8.75 -3.17437e+18  -7.74236e+17
8.8 -3.21308e+18  -7.74236e+17
8.85 -3.25179e+18  -7.74236e+17
8.9 -3.2905e+18  -7.74236e+17
8.95 -3.32922e+18  -7.74236e+17
9 -3.36793e+18  -7.74236e+17
9.05 -3.40664e+18  -7.74236e+17
9.1 -3.44535e+18  -7.74236e+17
9.15 -3.48406e+18  -7.74236e+17
9.2 -3.52278e+18  -7.74236e+17
9.25 -3.56149e+18  -7.74236e+17
9.3 -3.6002e+18  -7.74236e+17
9.35 -3.63891e+18  -7.74236e+17
9.4 -3.67762e+18  -7.74236e+17
9.45 -3.71633e+18  -7.74236e+17
9.5 -3.75505e+18  -7.74236e+17
9.55 -3.79376e+18  -7.74236e+17
9.6 -3.83247e+18  -7.74236e+17
9.65 -3.87118e+18  -7.74236e+17
9.7 -3.90989e+18  -7.74236e+17
9.75 -3.94861e+18  -7.74236e+17
9.8 -3.98732e+18  -7.74236e+17
9.85 -4.02603e+18  -7.74236e+17
9.9 -4.06474e+18  -7.74236e+17
9.95 -4.10345e+18  -7.74236e+17
10 -4.14216e+18  -7.74236e+17
10.05 -4.18088e+18  -7.74236e+17
10.1 -4.21959e+18  -7.74236e+17
10.15 -4.2583e+18  -7.74236e+17
10.2 -4.29701e+18  -7.74236e+17
10.25 -4.33572e+18  -7.74236e+17
10.3 -4.37444e+18  -7.74236e+17
10.35 -4.41315e+18  -7.74236e+17
10.4 -4.45186e+18  -7.74236e+17
10.45 -4.49057e+18  -7.74236e+17
10.5 -4.52928e+18  -7.74236e+17
10.55 -4.56799e+18  -7.74236e+17
10.6 -4.60671e+18  -7.74236e+17
10.65 -4.64542e+18  -7.74236e+17
10.7 -4.68413e+18  -7.74236e+17
10.75 -4.72284e+18  -7.74236e+17
10.8 -4.76155e+18  -7.74236e+17
10.85 -4.80027e+18  -7.74236e+17
10.9 -4.83898e+18  -7.74236e+17
10.95 -4.87769e+18  -7.74236e+17
11 -4.9164e+18  -7.74236e+17
11.05 -4.95511e+18  -7.74236e+17
11.1 -4.99382e+18  -7.74236e+17
11.15 -5.03254e+18  -7.74236e+17
11.2 -5.07125e+18  -7.74236e+17
11.25 -5.10996e+18  -7.74236e+17
11.3 -5.14867e+18  -7.74236e+17
11.35 -5.18738e+18  -7.74236e+17
11.4 -5.2261e+18  -7.74236e+17
11.45 -5.26481e+18  -7.74236e+17
11.5 -5.30352e+18  -7.74236e+17
11.55 -5.34223e+18  -7.74236e+17
11.6 -5.38094e+18  -7.74236e+17
11.65 -5.41965e+18  -7.74236e+17
11.7 -5.45837e+18  -7.74236e+17
11.75 -5.49708e+18  -7.74236e+17
11.8 -5.53579e+18  -7.74236e+17
11.85 -5.5745e+18  -7.74236e+17
11.9 -5.61321e+18  -7.74236e+17
11.95 -5.65193e+18  -7.74236e+17
12 -5.69064e+18  -7.74236e+17
12.05 -5.72935e+18  -7.74236e+17
12.1 -5.76806e+18  -7.74236e+17
12.15 -5.80677e+18  -7.74236e+17
12.2 -5.84548e+18  -7.74236e+17
12.25 -5.8842e+18  -7.74236e+17
12.3 -5.92291e+18  -7.74236e+17
12.35 -5.96162e+18  -7.74236e+17
12.4 -6.00033e+18  -7.74236e+17
12.45 -6.03904e+18  -7.74236e+17
12.5 -6.07776e+18  -7.74236e+17
12.55 -6.11647e+18  -7.74236e+17
12.6 -6.15518e+18  -7.74236e+17
12.65 -6.19389e+18  -7.74236e+17
12.7 -6.2326e+18  -7.74236e+17
12.75 -6.27131e+18  -7.74236e+17
12.8 -6.31003e+18  -7.74236e+17
12.85 -6.34874e+18  -7.74236e+17
12.9 -6.38745e+18  -7.74236e+17
12.95 -6.42616e+18  -7.74236e+17
13 -6.46487e+18  -7.74236e+17
13.05 -6.50359e+18  -7.74236e+17
13.1 -6.5423e+18  -7.74236e+17
13.15 -6.58101e+18  -7.74236e+17
13.2 -6.61972e+18  -7.74236e+17
13.25 -6.65843e+18  -7.74236e+17
13.3 -6.69714e+18  -7.74236e+17
13.35 -6.73586e+18  -7.74236e+17
13.4 -6.77457e+18  -7.74236e+17
13.45 -6.81328e+18  -7.74236e+17
13.5 -6.85199e+18  -7.74236e+17
13.55 -6.8907e+18  -7.74236e+17
13.6 -6.92942e+18  -7.74236e+17
13.65 -6.96813e+18  -7.74236e+17
13.7 -7.00684e+18  -7.74236e+17
13.75 -7.04555e+18  -7.74236e+17
13.8 -7.08426e+18  -7.74236e+17
13.85 -7.12297e+18  -7.74236e+17
13.9 -7.16169e+18  -7.74236e+17
13.95 -7.2004e+18  -7.74236e+17
14 -7.23911e+18  -7.74236e+17
14.05 -7.27782e+18  -7.74236e+17
14.1 -7.31653e+18  -7.74236e+17
14.15 -7.35525e+18  -7.74236e+17
14.2 -7.39396e+18  -7.74236e+17
14.25 -7.43267e+18  -7.74236e+17
14.3 -7.47138e+18  -7.74236e+17
14.35 -7.51009e+18  -7.74236e+17
14.4 -7.5488e+18  -7.74236e+17
14.45 -7.58752e+18  -7.74236e+17
14.5 -7.62623e+18  -7.74236e+17
14.55 -7.66494e+18  -7.74236e+17
14.6 -7.70365e+18  -7.74236e+17
14.65 -7.74236e+18  -7.74236e+17
14.7 -7.78108e+18  -7.74236e+17
14.75 -7.81979e+18  -7.74236e+17
14.8 -7.8585e+18  -7.74236e+17
14.85 -7.89721e+18  -7.74236e+17
14.9 -7.93592e+18  -7.74236e+17
14.95 -7.97463e+18  -7.74236e+17
15 -8.01335e+18  -7.74236e+17
15.05 -8.05206e+18  -7.74236e+17
15.1 -8.09077e+18  -7.74236e+17
15.15 -8.12948e+18  -7.74236e+17
15.2 -8.16819e+18  -7.74236e+17
15.25 -8.20691e+18  -7.74236e+17
15.3 -8.24562e+18  -7.74236e+17
15.35 -8.28433e+18  -7.74236e+17
15.4 -8.32304e+18  -7.74236e+17
15.45 -8.36175e+18  -7.74236e+17
15.5 -8.40046e+18  -7.74236e+17
15.55 -8.43918e+18  -7.74236e+17
15.6 -8.47789e+18  -7.74236e+17
15.65 -8.5166e+18  -7.74236e+17
15.7 -8.55531e+18  -7.74236e+17
15.75 -8.59402e+18  -7.74236e+17
15.8 -8.63274e+18  -7.74236e+17
15.85 -8.67145e+18  -7.74236e+17
15.9 -8.71016e+18  -7.74236e+17
15.95 -8.74887e+18  -7.74236e+17
16 -8.78758e+18  -7.74236e+17
16.05 -8.82629e+18  -7.74236e+17
16.1 -8.86501e+18  -7.74236e+17
16.15 -8.90372e+18  -7.74236e+17
16.2 -8.94243e+18  -7.74236e+17
16.25 -8.98114e+18  -7.74236e+17
16.3 -9.01985e+18  -7.74236e+17
16.35 -9.05857e+18  -7.74236e+17
16.4 -9.09728e+18  -7.74236e+17
16.45 -9.13599e+18  -7.74236e+17
16.5 -9.1747e+18  -7.74236e+17
16.55 -9.21341e+18  -7.74236e+17
16.6 -9.25212e+18  -7.74236e+17
16.65 -9.29084e+18  -7.74236e+17
16.7 -9.32955e+18  -7.74236e+17
16.75 -9.36826e+18  -7.74236e+17
16.8 -9.40697e+18  -7.74236e+17
16.85 -9.44568e+18  -7.74236e+17
16.9 -9.4844e+18  -7.74236e+17
16.95 -9.52311e+18  -7.74236e+17
17 -9.56182e+18  -7.74236e+17
17.05 -9.60053e+18  -7.74236e+17
17.1 -9.63924e+18  -7.74236e+17
17.15 -9.67795e+18  -7.74236e+17
17.2 -9.71667e+18  -7.74236e+17
17.25 -9.75538e+18  -7.74236e+17
17.3 -9.79409e+18  -7.74236e+17
17.35 -9.8328e+18  -7.74236e+17
17.4 -9.87151e+18  -7.74236e+17
17.45 -9.91023e+18  -7.74236e+17
17.5 -9.94894e+18  -7.74236e+17
17.55 -9.98765e+18  -7.74236e+17
17.6 -1.00264e+19  -7.74236e+17
17.65 -1.00651e+19  -7.74236e+17
17.7 -1.01038e+19  -7.74236e+17
17.75 -1.01425e+19  -7.74236e+17
17.8 -1.01812e+19  -7.74236e+17
17.85 -1.02199e+19  -7.74236e+17
17.9 -1.02586e+19  -7.74236e+17
17.95 -1.02973e+19  -7.74236e+17
18 -1.03361e+19  -7.74236e+17
18.05 -1.03748e+19  -7.74236e+17
18.1 -1.04135e+19  -7.74236e+17
18.15 -1.04522e+19  -7.74236e+17
18.2 -1.04909e+19  -7.74236e+17
18.25 -1.05296e+19  -7.74236e+17
18.3 -1.05683e+19  -7.74236e+17
18.35 -1.0607e+19  -7.74236e+17
18.4 -1.06457e+19  -7.74236e+17
18.45 -1.06845e+19  -7.74236e+17
18.5 -1.07232e+19  -7.74236e+17
18.55 -1.07619e+19  -7.74236e+17
18.6 -1.08006e+19  -7.74236e+17
18.65 -1.08393e+19  -7.74236e+17
18.7 -1.0878e+19  -7.74236e+17
18.75 -1.09167e+19  -7.74236e+17
18.8 -1.09554e+19  -7.74236e+17
18.85 -1.09942e+19  -7.74236e+17
18.9 -1.10329e+19  -7.74236e+17
18.95 -1.10716e+19  -7.74236e+17
19 -1.11103e+19  -7.74236e+17
19.05 -1.1149e+19  -7.74236e+17
19.1 -1.11877e+19  -7.74236e+17
19.15 -1.12264e+19  -7.74236e+17
19.2 -1.12651e+19  -7.74236e+17
19.25 -1.13039e+19  -7.74236e+17
19.3 -1.13426e+19  -7.74236e+17
19.35 -1.13813e+19  -7.74236e+17
19.4 -1.142e+19  -7.74236e+17
19.45 -1.14587e+19  -7.74236e+17
19.5 -1.14974e+19  -7.74236e+17
19.55 -1.15361e+19  -7.74236e+17
19.6 -1.15748e+19  -7.74236e+17
19.65 -1.16135e+19  -7.74236e+17
19.7 -1.16523e+19  -7.74236e+17
19.75 -1.1691e+19  -7.74236e+17
19.8 -1.17297e+19  -7.74236e+17
19.85 -1.17684e+19  -7.74236e+17
19.9 -1.18071e+19  -7.74236e+17
19.95 -1.18458e+19  -7.74236e+17
20 -1.18845e+19  -7.74236e+17
