0.0000000000e+00  0.0000000000e+00 0.0000000000e+00 0.0000000000e+00
5.0000000000e-02  -5.3785866877e-07 -5.3818146084e-07 -5.3818140161e-07
1.0000000000e-01  -1.0789501912e-06 -1.0802451121e-06 -1.0802448743e-06
1.5000000000e-01  -1.6271890558e-06 -1.6301161815e-06 -1.6301156427e-06
2.0000000000e-01  -2.1865688138e-06 -2.1918063078e-06 -2.1918053412e-06
2.5000000000e-01  -2.7612067020e-06 -2.7694584492e-06 -2.7694569208e-06
3.0000000000e-01  -3.3553902185e-06 -3.3673938666e-06 -3.3673916340e-06
3.5000000000e-01  -3.9736264066e-06 -3.9901619476e-06 -3.9901588565e-06
4.0000000000e-01  -4.6206946597e-06 -4.6425936919e-06 -4.6425895745e-06
4.5000000000e-01  -5.3017039276e-06 -5.3298597597e-06 -5.3298544311e-06
5.0000000000e-01  -6.0221553172e-06 -6.0575340877e-06 -6.0575273428e-06
5.5000000000e-01  -6.7880111845e-06 -6.8316641977e-06 -6.8316558076e-06
6.0000000000e-01  -7.6057719734e-06 -7.6588494784e-06 -7.6588391858e-06
6.5000000000e-01  -8.4825622255e-06 -8.5463288986e-06 -8.5463164129e-06
7.0000000000e-01  -9.4262274066e-06 -9.5020798374e-06 -9.5020648292e-06
7.5000000000e-01  -1.0445443446e-05 -1.0534929976e-05 -1.0534912070e-05
8.0000000000e-01  -1.1549841196e-05 -1.1654684517e-05 -1.1654663284e-05
8.5000000000e-01  -1.2750148384e-05 -1.2872271369e-05 -1.2872246318e-05
9.0000000000e-01  -1.4058352080e-05 -1.4199907405e-05 -1.4199877970e-05
9.5000000000e-01  -1.5487885214e-05 -1.5651289431e-05 -1.5651254960e-05
1.0000000000e+00  -1.7053841333e-05 -1.7241814163e-05 -1.7241773903e-05
1.0500000000e+00  -1.8773222528e-05 -1.8988832302e-05 -1.8988785379e-05
1.1000000000e+00  -2.0665226408e-05 -2.0911942733e-05 -2.0911888133e-05
1.1500000000e+00  -2.2751579066e-05 -2.3033334035e-05 -2.3033270576e-05
1.2000000000e+00  -2.5056922368e-05 -2.5378181842e-05 -2.5378108145e-05
1.2500000000e+00  -2.7609265469e-05 -2.7975112307e-05 -2.7975026760e-05
1.3000000000e+00  -3.0440512474e-05 -3.0856743927e-05 -3.0856644639e-05
1.3500000000e+00  -3.3587080537e-05 -3.4060322492e-05 -3.4060207241e-05
1.4000000000e+00  -3.7090625625e-05 -3.7628466935e-05 -3.7628333102e-05
1.4500000000e+00  -4.0998896777e-05 -4.1610047588e-05 -4.1609892081e-05
1.5000000000e+00  -4.5366744087e-05 -4.6061222918e-05 -4.6061042076e-05
1.5500000000e+00  -5.0257311084e-05 -5.1046666442e-05 -5.1046455921e-05
1.6000000000e+00  -5.5743448909e-05 -5.6641022501e-05 -5.6640777131e-05
1.6500000000e+00  -6.1909398022e-05 -6.2930638212e-05 -6.2930351823e-05
1.7000000000e+00  -6.8852793560e-05 -7.0015629704e-05 -7.0015294911e-05
1.7500000000e+00  -7.6687063464e-05 -7.8012354218e-05 -7.8011962163e-05
1.8000000000e+00  -8.5544304745e-05 -8.7056376591e-05 -8.7055916608e-05
1.8500000000e+00  -9.5578743821e-05 -9.7306039927e-05 -9.7305499138e-05
1.9000000000e+00  -1.0697091276e-04 -1.0894677732e-04 -1.0894614012e-04
1.9500000000e+00  -1.1993270628e-04 -1.2219633576e-04 -1.2219558321e-04
2.0000000000e+00  -1.3471352643e-04 -1.3731112734e-04 -1.3731023630e-04
2.0500000000e+00  -1.5160777594e-04 -1.5459397891e-04 -1.5459292109e-04
2.1000000000e+00  -1.7096403077e-04 -1.7440362452e-04 -1.7440236514e-04
2.1500000000e+00  -1.9319631280e-04 -1.9716637862e-04 -1.9716487479e-04
2.2000000000e+00  -2.1879800142e-04 -2.2339055184e-04 -2.2338875041e-04
2.2500000000e+00  -2.4835907707e-04 -2.5368433212e-04 -2.5368216698e-04
2.3000000000e+00  -2.8258759418e-04 -2.8877806830e-04 -2.8877545681e-04
2.3500000000e+00  -3.2233655197e-04 -3.2955217728e-04 -3.2954901563e-04
2.4000000000e+00  -3.6863769535e-04 -3.7707227739e-04 -3.7706843454e-04
2.4500000000e+00  -4.2274426825e-04 -4.3263366615e-04 -4.3262897574e-04
2.5000000000e+00  -4.8618540993e-04 -4.9781796234e-04 -4.9781221197e-04
2.5500000000e+00  -5.6083580089e-04 -5.7456569831e-04 -5.7455861512e-04
2.6000000000e+00  -6.4900543604e-04 -6.6526998762e-04 -6.6526121873e-04
2.6500000000e+00  -7.5355618104e-04 -7.7289827161e-04 -7.7288735743e-04
2.7000000000e+00  -8.7805428494e-04 -9.0115180977e-04 -9.0113814716e-04
2.7500000000e+00  -1.0269716245e-03 -1.0546763943e-03 -1.0546591852e-03
2.8000000000e+00  -1.2059536753e-03 -1.2393433061e-03 -1.2393214851e-03
2.8500000000e+00  -1.4221798671e-03 -1.4626276704e-03 -1.4625998013e-03
2.9000000000e+00  -1.6848533844e-03 -1.7341235099e-03 -1.7340876365e-03
2.9500000000e+00  -2.0058747011e-03 -2.0662531614e-03 -2.0662065884e-03
3.0000000000e+00  -2.4007795639e-03 -2.4752569562e-03 -2.4751959231e-03
3.0500000000e+00  -2.8900633595e-03 -2.9825931798e-03 -2.9825123691e-03
3.1000000000e+00  -3.5010791878e-03 -3.6169484436e-03 -3.6168402231e-03
3.1500000000e+00  -4.2708025391e-03 -4.4171719935e-03 -4.4170252338e-03
3.2000000000e+00  -5.2499289563e-03 -5.4366340879e-03 -5.4364322814e-03
3.2500000000e+00  -6.5090609570e-03 -6.7498206349e-03 -6.7495388624e-03
3.3000000000e+00  -8.1482318981e-03 -8.4625051052e-03 -8.4621050906e-03
3.3500000000e+00  -1.0311854561e-02 -1.0727740363e-02 -1.0727162425e-02
3.4000000000e+00  -1.3212611298e-02 -1.3771434866e-02 -1.3770585201e-02
3.4500000000e+00  -1.7170141957e-02 -1.7933716740e-02 -1.7932449519e-02
3.5000000000e+00  -2.2673709852e-02 -2.3735518216e-02 -2.3733621177e-02
3.5500000000e+00  -3.0480163063e-02 -3.1980589325e-02 -3.1977831421e-02
3.6000000000e+00  -4.1744664348e-02 -4.3881374506e-02 -4.3877924443e-02
3.6500000000e+00  -5.8070942739e-02 -6.1044951447e-02 -6.1043752622e-02
3.7000000000e+00  -8.0724151324e-02 -8.4289217472e-02 -8.4308572162e-02
3.7500000000e+00  -1.0462801790e-01 -1.0537668527e-01 -1.0551131820e-01
3.8000000000e+00  -8.2659173883e-02 -5.8720585216e-02 -5.9202692199e-02
3.8500000000e+00  2.3683269903e-01 3.8189013051e-01 3.8729293622e-01
3.9000000000e+00  9.3692934848e-01 1.0582098606e+00 1.0817378515e+00
3.9500000000e+00  -6.2592433046e-01 -6.2574821111e-01 -6.2514283641e-01
4.0000000000e+00  -1.6398347665e-01 -1.1231761762e-01 -1.1221741099e-01
4.0500000000e+00  3.1127514311e-02 3.6957929395e-02 3.6600599252e-02
4.1000000000e+00  3.3355237663e-02 2.9962109616e-02 2.9892150586e-02
4.1500000000e+00  8.4034281730e-03 4.7760663755e-03 4.7693847773e-03
4.2000000000e+00  -1.2957466031e-02 -1.5638839354e-02 -1.5635815922e-02
4.2500000000e+00  -2.8118538933e-02 -2.9986038922e-02 -2.9982735684e-02
4.3000000000e+00  -3.8578215824e-02 -3.9879257311e-02 -3.9876886686e-02
4.3500000000e+00  -4.5857413032e-02 -4.6778624020e-02 -4.6777047578e-02
4.4000000000e+00  -5.1018565018e-02 -5.1683895180e-02 -5.1682855335e-02
4.4500000000e+00  -5.4753411604e-02 -5.5243384454e-02 -5.5242690052e-02
4.5000000000e+00  -5.7509225115e-02 -5.7876558841e-02 -5.7876086396e-02
4.5500000000e+00  -5.9578907613e-02 -5.9858725307e-02 -5.9858397416e-02
4.6000000000e+00  -6.1157970774e-02 -6.1374151319e-02 -6.1373919347e-02
4.6500000000e+00  -6.2379636892e-02 -6.2548746723e-02 -6.2548579672e-02
4.7000000000e+00  -6.3336532732e-02 -6.3470287493e-02 -6.3470165241e-02
4.7500000000e+00  -6.4094289782e-02 -6.4201122437e-02 -6.4201031660e-02
4.8000000000e+00  -6.4700228359e-02 -6.4786307532e-02 -6.4786239241e-02
4.8500000000e+00  -6.5189011823e-02 -6.5258916092e-02 -6.5258864111e-02
4.9000000000e+00  -6.5586399814e-02 -6.5643572662e-02 -6.5643532674e-02
4.9500000000e+00  -6.5911786178e-02 -6.5958848432e-02 -6.5958817376e-02
5.0000000000e+00  -6.6179945280e-02 -6.6218913267e-02 -6.6218888938e-02
5.0500000000e+00  -6.6402253307e-02 -6.6434693529e-02 -6.6434674318e-02
5.1000000000e+00  -6.6587555384e-02 -6.6614695746e-02 -6.6614680466e-02
5.1500000000e+00  -6.6742789854e-02 -6.6765600698e-02 -6.6765588464e-02
5.2000000000e+00  -6.6873443537e-02 -6.6892697395e-02 -6.6892687540e-02
5.2500000000e+00  -6.6983887710e-02 -6.7000203848e-02 -6.7000195863e-02
5.3000000000e+00  -6.7077628754e-02 -6.7091506722e-02 -6.7091500219e-02
5.3500000000e+00  -6.7157497070e-02 -6.7169342207e-02 -6.7169336884e-02
5.4000000000e+00  -6.7225790768e-02 -6.7235933759e-02 -6.7235929383e-02
5.4500000000e+00  -6.7284385929e-02 -6.7293097925e-02 -6.7293094312e-02
5.5000000000e+00  -6.7334821875e-02 -6.7342326267e-02 -6.7342323271e-02
5.5500000000e+00  -6.7378367613e-02 -6.7384849262e-02 -6.7384846768e-02
5.6000000000e+00  -6.7416073959e-02 -6.7421686485e-02 -6.7421684402e-02
5.6500000000e+00  -6.7448814703e-02 -6.7453686268e-02 -6.7453684522e-02
5.7000000000e+00  -6.7477319300e-02 -6.7481557228e-02 -6.7481555760e-02
5.7500000000e+00  -6.7502198989e-02 -6.7505893473e-02 -6.7505892235e-02
5.8000000000e+00  -6.7523967768e-02 -6.7527194860e-02 -6.7527193813e-02
5.8500000000e+00  -6.7543059320e-02 -6.7545883354e-02 -6.7545882467e-02
5.9000000000e+00  -6.7559840735e-02 -6.7562316301e-02 -6.7562315547e-02
5.9500000000e+00  -6.7574623691e-02 -6.7576797244e-02 -6.7576796601e-02
6.0000000000e+00  -6.7587673588e-02 -6.7589584774e-02 -6.7589584225e-02
6.0500000000e+00  -6.7599217057e-02 -6.7600899802e-02 -6.7600899332e-02
6.1000000000e+00  -6.7609448145e-02 -6.7610931553e-02 -6.7610931151e-02
6.1500000000e+00  -6.7618533427e-02 -6.7619842531e-02 -6.7619842185e-02
6.2000000000e+00  -6.7626616251e-02 -6.7627772633e-02 -6.7627772335e-02
6.2500000000e+00  -6.7633820277e-02 -6.7634842587e-02 -6.7634842330e-02
6.3000000000e+00  -6.7640252425e-02 -6.7641156816e-02 -6.7641156594e-02
6.3500000000e+00  -6.7646005351e-02 -6.7646805843e-02 -6.7646805651e-02
6.4000000000e+00  -6.7651159522e-02 -6.7651868310e-02 -6.7651868145e-02
6.4500000000e+00  -6.7655784971e-02 -6.7656412685e-02 -6.7656412542e-02
6.5000000000e+00  -6.7659942771e-02 -6.7660498695e-02 -6.7660498571e-02
6.5500000000e+00  -6.7663686291e-02 -6.7664178549e-02 -6.7664178442e-02
6.6000000000e+00  -6.7667062258e-02 -6.7667497973e-02 -6.7667497880e-02
6.6500000000e+00  -6.7670111662e-02 -6.7670497091e-02 -6.7670497010e-02
6.7000000000e+00  -6.7672870529e-02 -6.7673211178e-02 -6.7673211108e-02
6.7500000000e+00  -6.7675370580e-02 -6.7675671304e-02 -6.7675671243e-02
6.8000000000e+00  -6.7677639797e-02 -6.7677904884e-02 -6.7677904832e-02
6.8500000000e+00  -6.7679702909e-02 -6.7679936154e-02 -6.7679936109e-02
6.9000000000e+00  -6.7681581811e-02 -6.7681786578e-02 -6.7681786539e-02
6.9500000000e+00  -6.7683295923e-02 -6.7683475199e-02 -6.7683475166e-02
7.0000000000e+00  -6.7684862501e-02 -6.7685018945e-02 -6.7685018917e-02
7.0500000000e+00  -6.7686296911e-02 -6.7686432892e-02 -6.7686432868e-02
7.1000000000e+00  -6.7687612857e-02 -6.7687730493e-02 -6.7687730473e-02
7.1500000000e+00  -6.7688822590e-02 -6.7688923777e-02 -6.7688923759e-02
7.2000000000e+00  -6.7689937084e-02 -6.7690023520e-02 -6.7690023505e-02
7.2500000000e+00  -6.7690966188e-02 -6.7691039401e-02 -6.7691039389e-02
7.3000000000e+00  -6.7691918765e-02 -6.7691980134e-02 -6.7691980124e-02
7.3500000000e+00  -6.7692802810e-02 -6.7692853580e-02 -6.7692853572e-02
7.4000000000e+00  -6.7693625556e-02 -6.7693666855e-02 -6.7693666849e-02
7.4500000000e+00  -6.7694393562e-02 -6.7694426416e-02 -6.7694426411e-02
7.5000000000e+00  -6.7695112801e-02 -6.7695138146e-02 -6.7695138142e-02
7.5500000000e+00  -6.7695788726e-02 -6.7695807419e-02 -6.7695807417e-02
7.6000000000e+00  -6.7696426340e-02 -6.7696439169e-02 -6.7696439168e-02
7.6500000000e+00  -6.7697030250e-02 -6.7697037944e-02 -6.7697037944e-02
7.7000000000e+00  -6.7697604721e-02 -6.7697607956e-02 -6.7697607956e-02
7.7500000000e+00  -6.7698153721e-02 -6.7698153130e-02 -6.7698153131e-02
7.8000000000e+00  -6.7698680967e-02 -6.7698677144e-02 -6.7698677145e-02
7.8500000000e+00  -6.7699189958e-02 -6.7699183467e-02 -6.7699183468e-02
7.9000000000e+00  -6.7699684019e-02 -6.7699675396e-02 -6.7699675398e-02
7.9500000000e+00  -6.7700166328e-02 -6.7700156088e-02 -6.7700156091e-02
8.0000000000e+00  -6.7700639949e-02 -6.7700628595e-02 -6.7700628597e-02
8.0500000000e+00  -6.7701107864e-02 -6.7701095885e-02 -6.7701095888e-02
8.1000000000e+00  -6.7701573001e-02 -6.7701560881e-02 -6.7701560883e-02
8.1500000000e+00  -6.7702038258e-02 -6.7702026480e-02 -6.7702026483e-02
8.2000000000e+00  -6.7702506539e-02 -6.7702495589e-02 -6.7702495592e-02
8.2500000000e+00  -6.7702980773e-02 -6.7702971146e-02 -6.7702971148e-02
8.3000000000e+00  -6.7703463948e-02 -6.7703456149e-02 -6.7703456151e-02
8.3500000000e+00  -6.7703959137e-02 -6.7703953692e-02 -6.7703953693e-02
8.4000000000e+00  -6.7704469530e-02 -6.7704466984e-02 -6.7704466985e-02
8.4500000000e+00  -6.7704998462e-02 -6.7704999392e-02 -6.7704999392e-02
8.5000000000e+00  -6.7705549452e-02 -6.7705554466e-02 -6.7705554466e-02
8.5500000000e+00  -6.7706126234e-02 -6.7706135984e-02 -6.7706135983e-02
8.6000000000e+00  -6.7706732802e-02 -6.7706747983e-02 -6.7706747981e-02
8.6500000000e+00  -6.7707373445e-02 -6.7707394811e-02 -6.7707394808e-02
8.7000000000e+00  -6.7708052803e-02 -6.7708081169e-02 -6.7708081165e-02
8.7500000000e+00  -6.7708775913e-02 -6.7708812168e-02 -6.7708812162e-02
8.8000000000e+00  -6.7709548270e-02 -6.7709593385e-02 -6.7709593378e-02
8.8500000000e+00  -6.7710375891e-02 -6.7710430935e-02 -6.7710430926e-02
8.9000000000e+00  -6.7711265391e-02 -6.7711331537e-02 -6.7711331526e-02
8.9500000000e+00  -6.7712224060e-02 -6.7712302607e-02 -6.7712302594e-02
9.0000000000e+00  -6.7713259963e-02 -6.7713352349e-02 -6.7713352333e-02
9.0500000000e+00  -6.7714382040e-02 -6.7714489861e-02 -6.7714489842e-02
9.1000000000e+00  -6.7715600229e-02 -6.7715725264e-02 -6.7715725241e-02
9.1500000000e+00  -6.7716925603e-02 -6.7717069835e-02 -6.7717069809e-02
9.2000000000e+00  -6.7718370528e-02 -6.7718536175e-02 -6.7718536144e-02
9.2500000000e+00  -6.7719948837e-02 -6.7720138385e-02 -6.7720138349e-02
9.3000000000e+00  -6.7721676045e-02 -6.7721892283e-02 -6.7721892241e-02
9.3500000000e+00  -6.7723569577e-02 -6.7723815642e-02 -6.7723815594e-02
9.4000000000e+00  -6.7725649045e-02 -6.7725928473e-02 -6.7725928418e-02
9.4500000000e+00  -6.7727936566e-02 -6.7728253348e-02 -6.7728253283e-02
9.5000000000e+00  -6.7730457121e-02 -6.7730815770e-02 -6.7730815696e-02
9.5500000000e+00  -6.7733238984e-02 -6.7733644612e-02 -6.7733644526e-02
9.6000000000e+00  -6.7736314207e-02 -6.7736772619e-02 -6.7736772521e-02
9.6500000000e+00  -6.7739719202e-02 -6.7740236997e-02 -6.7740236883e-02
9.7000000000e+00  -6.7743495400e-02 -6.7744080098e-02 -6.7744079966e-02
9.7500000000e+00  -6.7747690041e-02 -6.7748350222e-02 -6.7748350070e-02
9.8000000000e+00  -6.7752357084e-02 -6.7753102563e-02 -6.7753102387e-02
9.8500000000e+00  -6.7757558290e-02 -6.7758400311e-02 -6.7758400108e-02
9.9000000000e+00  -6.7763364487e-02 -6.7764315963e-02 -6.7764315727e-02
9.9500000000e+00  -6.7769857072e-02 -6.7770932857e-02 -6.7770932584e-02
1.0000000000e+01  -6.7777129781e-02 -6.7778347003e-02 -6.7778346687e-02
1.0050000000e+01  -6.7785290801e-02 -6.7786669254e-02 -6.7786668885e-02
1.0100000000e+01  -6.7794465272e-02 -6.7796027879e-02 -6.7796027450e-02
1.0150000000e+01  -6.7804798287e-02 -6.7806571658e-02 -6.7806571158e-02
1.0200000000e+01  -6.7816458468e-02 -6.7818473573e-02 -6.7818472987e-02
1.0250000000e+01  -6.7829642282e-02 -6.7831935247e-02 -6.7831934561e-02
1.0300000000e+01  -6.7844579220e-02 -6.7847192305e-02 -6.7847191499e-02
1.0350000000e+01  -6.7861538080e-02 -6.7864520849e-02 -6.7864519900e-02
1.0400000000e+01  -6.7880834577e-02 -6.7884245326e-02 -6.7884244206e-02
1.0450000000e+01  -6.7902840618e-02 -6.7906748117e-02 -6.7906746791e-02
1.0500000000e+01  -6.7927995649e-02 -6.7932481273e-02 -6.7932479700e-02
1.0550000000e+01  -6.7956820581e-02 -6.7961980936e-02 -6.7961979062e-02
1.0600000000e+01  -6.7989934976e-02 -6.7995885132e-02 -6.7995882894e-02
1.0650000000e+01  -6.8028078337e-02 -6.8034955853e-02 -6.8034953170e-02
1.0700000000e+01  -6.8072136626e-02 -6.8080106555e-02 -6.8080103328e-02
1.0750000000e+01  -6.8123175457e-02 -6.8132436635e-02 -6.8132432738e-02
1.0800000000e+01  -6.8182481890e-02 -6.8193274852e-02 -6.8193270127e-02
1.0850000000e+01  -6.8251617352e-02 -6.8264234375e-02 -6.8264228621e-02
1.0900000000e+01  -6.8332485091e-02 -6.8347283016e-02 -6.8347275976e-02
1.0950000000e+01  -6.8427416746e-02 -6.8444833443e-02 -6.8444824788e-02
1.1000000000e+01  -6.8539284258e-02 -6.8559859946e-02 -6.8559849249e-02
1.1050000000e+01  -6.8671645698e-02 -6.8696050761e-02 -6.8696037464e-02
1.1100000000e+01  -6.8828936933e-02 -6.8858008517e-02 -6.8857991887e-02
1.1150000000e+01  -6.9016725861e-02 -6.9051516484e-02 -6.9051495545e-02
1.1200000000e+01  -6.9242053052e-02 -6.9283895797e-02 -6.9283869243e-02
1.1250000000e+01  -6.9513893109e-02 -6.9564490029e-02 -6.9564456089e-02
1.1300000000e+01  -6.9843786949e-02 -6.9905330350e-02 -6.9905286592e-02
1.1350000000e+01  -7.0246719404e-02 -7.0322060352e-02 -7.0322003400e-02
1.1400000000e+01  -7.0742354255e-02 -7.0835239951e-02 -7.0835165045e-02
1.1450000000e+01  -7.1356798385e-02 -7.1472211509e-02 -7.1472111845e-02
1.1500000000e+01  -7.2125162524e-02 -7.2269814123e-02 -7.2269679806e-02
1.1550000000e+01  -7.3095342712e-02 -7.3278400207e-02 -7.3278216604e-02
1.1600000000e+01  -7.4333706919e-02 -7.4567888326e-02 -7.4567633403e-02
1.1650000000e+01  -7.5933809764e-02 -7.6237057365e-02 -7.6236697349e-02
1.1700000000e+01  -7.8030002615e-02 -7.8428084740e-02 -7.8427567054e-02
1.1750000000e+01  -8.0819062794e-02 -8.1349667607e-02 -8.1348909652e-02
1.1800000000e+01  -8.4595006817e-02 -8.5314192898e-02 -8.5313065915e-02
1.1850000000e+01  -8.9805141318e-02 -9.0797236302e-02 -9.0795550457e-02
1.1900000000e+01  -9.7137358237e-02 -9.8528525445e-02 -9.8526059971e-02
1.1950000000e+01  -1.0763778100e-01 -1.0960629812e-01 -1.0960310792e-01
1.2000000000e+01  -1.2277044714e-01 -1.2550730170e-01 -1.2550546995e-01
1.2050000000e+01  -1.4383286461e-01 -1.4719883310e-01 -1.4721162589e-01
1.2100000000e+01  -1.6741667863e-01 -1.6891055750e-01 -1.6900650877e-01
1.2150000000e+01  -1.5880263436e-01 -1.4231381019e-01 -1.4269401830e-01
1.2200000000e+01  7.3611977350e-02 1.8337642927e-01 1.8608960685e-01
1.2250000000e+01  7.8944825417e-01 9.6041142570e-01 9.8796392369e-01
1.2300000000e+01  -5.3208748429e-01 -5.9369525449e-01 -6.0203685225e-01
1.2350000000e+01  -2.9735944897e-01 -2.3389318902e-01 -2.3272036019e-01
1.2400000000e+01  -2.3453140434e-02 -1.2265714417e-02 -1.2693512581e-02
1.2450000000e+01  -1.8653515500e-03 -4.4262233154e-03 -4.5260329004e-03
1.2500000000e+01  -2.4842082898e-02 -2.8518295319e-02 -2.8530799698e-02
1.2550000000e+01  -4.7097135065e-02 -4.9930045025e-02 -4.9927876877e-02
1.2600000000e+01  -6.3279943124e-02 -6.5271948838e-02 -6.5268626433e-02
1.2650000000e+01  -7.4503790279e-02 -7.5893285261e-02 -7.5890793170e-02
1.2700000000e+01  -8.2314242679e-02 -8.3296947589e-02 -8.3295274633e-02
1.2750000000e+01  -8.7843323133e-02 -8.8551931901e-02 -8.8550828437e-02
1.2800000000e+01  -9.1837419851e-02 -9.2358563541e-02 -9.2357828921e-02
1.2850000000e+01  -9.4780327736e-02 -9.5170698815e-02 -9.5170200931e-02
1.2900000000e+01  -9.6988470255e-02 -9.7285748035e-02 -9.7285403775e-02
1.2950000000e+01  -9.8672499562e-02 -9.8902222195e-02 -9.8901979425e-02
1.3000000000e+01  -9.9975512934e-02 -1.0015534305e-01 -1.0015516867e-01
1.3050000000e+01  -1.0099669989e-01 -1.0113909284e-01 -1.0113896547e-01
1.3100000000e+01  -1.0180614603e-01 -1.0192004532e-01 -1.0191995085e-01
1.3150000000e+01  -1.0245426090e-01 -1.0254619562e-01 -1.0254612460e-01
1.3200000000e+01  -1.0297789715e-01 -1.0305270611e-01 -1.0305265206e-01
1.3250000000e+01  -1.0340439876e-01 -1.0346571737e-01 -1.0346567578e-01
1.3300000000e+01  -1.0375432929e-01 -1.0380492280e-01 -1.0380489046e-01
1.3350000000e+01  -1.0404334314e-01 -1.0408533858e-01 -1.0408531322e-01
1.3400000000e+01  -1.0428349034e-01 -1.0431854050e-01 -1.0431852045e-01
1.3450000000e+01  -1.0448414030e-01 -1.0451354142e-01 -1.0451352544e-01
1.3500000000e+01  -1.0465264534e-01 -1.0467742259e-01 -1.0467740977e-01
1.3550000000e+01  -1.0479482348e-01 -1.0481579393e-01 -1.0481578358e-01
1.3600000000e+01  -1.0491531414e-01 -1.0493313360e-01 -1.0493312520e-01
1.3650000000e+01  -1.0501784302e-01 -1.0503304131e-01 -1.0503303446e-01
1.3700000000e+01  -1.0510542160e-01 -1.0511842936e-01 -1.0511842373e-01
1.3750000000e+01  -1.0518049873e-01 -1.0519166789e-01 -1.0519166325e-01
1.3800000000e+01  -1.0524507683e-01 -1.0525469653e-01 -1.0525469269e-01
1.3850000000e+01  -1.0530080183e-01 -1.0530911075e-01 -1.0530910756e-01
1.3900000000e+01  -1.0534903314e-01 -1.0535622923e-01 -1.0535622656e-01
1.3950000000e+01  -1.0539089868e-01 -1.0539714676e-01 -1.0539714453e-01
1.4000000000e+01  -1.0542733821e-01 -1.0543277611e-01 -1.0543277423e-01
1.4050000000e+01  -1.0545913793e-01 -1.0546388131e-01 -1.0546387973e-01
1.4100000000e+01  -1.0548695799e-01 -1.0549110428e-01 -1.0549110294e-01
1.4150000000e+01  -1.0551135473e-01 -1.0551498626e-01 -1.0551498512e-01
1.4200000000e+01  -1.0553279855e-01 -1.0553598513e-01 -1.0553598416e-01
1.4250000000e+01  -1.0555168850e-01 -1.0555448950e-01 -1.0555448868e-01
1.4300000000e+01  -1.0556836413e-01 -1.0557083018e-01 -1.0557082948e-01
1.4350000000e+01  -1.0558311520e-01 -1.0558528960e-01 -1.0558528900e-01
1.4400000000e+01  -1.0559618966e-01 -1.0559810956e-01 -1.0559810904e-01
1.4450000000e+01  -1.0560780027e-01 -1.0560949761e-01 -1.0560949717e-01
1.4500000000e+01  -1.0561813008e-01 -1.0561963238e-01 -1.0561963199e-01
1.4550000000e+01  -1.0562733691e-01 -1.0562866795e-01 -1.0562866762e-01
1.4600000000e+01  -1.0563555721e-01 -1.0563673758e-01 -1.0563673730e-01
1.4650000000e+01  -1.0564290919e-01 -1.0564395676e-01 -1.0564395652e-01
1.4700000000e+01  -1.0564949548e-01 -1.0565042581e-01 -1.0565042559e-01
1.4750000000e+01  -1.0565540541e-01 -1.0565623203e-01 -1.0565623185e-01
1.4800000000e+01  -1.0566071686e-01 -1.0566145160e-01 -1.0566145144e-01
1.4850000000e+01  -1.0566549786e-01 -1.0566615108e-01 -1.0566615094e-01
1.4900000000e+01  -1.0566980799e-01 -1.0567038876e-01 -1.0567038864e-01
1.4950000000e+01  -1.0567369948e-01 -1.0567421578e-01 -1.0567421567e-01
1.5000000000e+01  -1.0567721825e-01 -1.0567767708e-01 -1.0567767699e-01
1.5050000000e+01  -1.0568040469e-01 -1.0568081224e-01 -1.0568081216e-01
1.5100000000e+01  -1.0568329446e-01 -1.0568365618e-01 -1.0568365611e-01
1.5150000000e+01  -1.0568591902e-01 -1.0568623974e-01 -1.0568623968e-01
1.5200000000e+01  -1.0568830623e-01 -1.0568859022e-01 -1.0568859017e-01
1.5250000000e+01  -1.0569048077e-01 -1.0569073184e-01 -1.0569073179e-01
1.5300000000e+01  -1.0569246458e-01 -1.0569268609e-01 -1.0569268605e-01
1.5350000000e+01  -1.0569427713e-01 -1.0569447209e-01 -1.0569447206e-01
1.5400000000e+01  -1.0569593581e-01 -1.0569610689e-01 -1.0569610686e-01
1.5450000000e+01  -1.0569745610e-01 -1.0569760570e-01 -1.0569760568e-01
1.5500000000e+01  -1.0569885186e-01 -1.0569898212e-01 -1.0569898210e-01
1.5550000000e+01  -1.0570013548e-01 -1.0570024833e-01 -1.0570024831e-01
1.5600000000e+01  -1.0570131810e-01 -1.0570141526e-01 -1.0570141524e-01
1.5650000000e+01  -1.0570240972e-01 -1.0570249273e-01 -1.0570249272e-01
1.5700000000e+01  -1.0570341933e-01 -1.0570348960e-01 -1.0570348959e-01
1.5750000000e+01  -1.0570435505e-01 -1.0570441384e-01 -1.0570441384e-01
1.5800000000e+01  -1.0570522424e-01 -1.0570527270e-01 -1.0570527269e-01
1.5850000000e+01  -1.0570603354e-01 -1.0570607271e-01 -1.0570607271e-01
1.5900000000e+01  -1.0570678901e-01 -1.0570681984e-01 -1.0570681983e-01
1.5950000000e+01  -1.0570749616e-01 -1.0570751949e-01 -1.0570751949e-01
1.6000000000e+01  -1.0570816000e-01 -1.0570817665e-01 -1.0570817665e-01
1.6050000000e+01  -1.0570878517e-01 -1.0570879584e-01 -1.0570879584e-01
1.6100000000e+01  -1.0570937589e-01 -1.0570938127e-01 -1.0570938127e-01
1.6150000000e+01  -1.0570993610e-01 -1.0570993681e-01 -1.0570993681e-01
1.6200000000e+01  -1.0571046942e-01 -1.0571046603e-01 -1.0571046603e-01
1.6250000000e+01  -1.0571097924e-01 -1.0571097229e-01 -1.0571097230e-01
1.6300000000e+01  -1.0571146874e-01 -1.0571145874e-01 -1.0571145874e-01
1.6350000000e+01  -1.0571194091e-01 -1.0571192834e-01 -1.0571192834e-01
1.6400000000e+01  -1.0571239857e-01 -1.0571238389e-01 -1.0571238389e-01
1.6450000000e+01  -1.0571284444e-01 -1.0571282808e-01 -1.0571282809e-01
1.6500000000e+01  -1.0571328112e-01 -1.0571326351e-01 -1.0571326352e-01
1.6550000000e+01  -1.0571371113e-01 -1.0571369268e-01 -1.0571369269e-01
1.6600000000e+01  -1.0571413693e-01 -1.0571411805e-01 -1.0571411806e-01
1.6650000000e+01  -1.0571456095e-01 -1.0571454205e-01 -1.0571454205e-01
1.6700000000e+01  -1.0571498560e-01 -1.0571496707e-01 -1.0571496707e-01
1.6750000000e+01  -1.0571541330e-01 -1.0571539555e-01 -1.0571539555e-01
1.6800000000e+01  -1.0571584649e-01 -1.0571582992e-01 -1.0571582993e-01
1.6850000000e+01  -1.0571628765e-01 -1.0571627270e-01 -1.0571627271e-01
1.6900000000e+01  -1.0571673936e-01 -1.0571672646e-01 -1.0571672646e-01
1.6950000000e+01  -1.0571720426e-01 -1.0571719386e-01 -1.0571719387e-01
1.7000000000e+01  -1.0571768513e-01 -1.0571767771e-01 -1.0571767771e-01
1.7050000000e+01  -1.0571818488e-01 -1.0571818094e-01 -1.0571818094e-01
1.7100000000e+01  -1.0571870658e-01 -1.0571870666e-01 -1.0571870666e-01
1.7150000000e+01  -1.0571925352e-01 -1.0571925820e-01 -1.0571925820e-01
1.7200000000e+01  -1.0571982922e-01 -1.0571983909e-01 -1.0571983909e-01
1.7250000000e+01  -1.0572043745e-01 -1.0572045319e-01 -1.0572045319e-01
1.7300000000e+01  -1.0572108229e-01 -1.0572110461e-01 -1.0572110461e-01
1.7350000000e+01  -1.0572176817e-01 -1.0572179786e-01 -1.0572179786e-01
1.7400000000e+01  -1.0572249993e-01 -1.0572253784e-01 -1.0572253783e-01
1.7450000000e+01  -1.0572328283e-01 -1.0572332989e-01 -1.0572332988e-01
1.7500000000e+01  -1.0572412266e-01 -1.0572417989e-01 -1.0572417988e-01
1.7550000000e+01  -1.0572502576e-01 -1.0572509430e-01 -1.0572509429e-01
1.7600000000e+01  -1.0572599916e-01 -1.0572608025e-01 -1.0572608024e-01
1.7650000000e+01  -1.0572705058e-01 -1.0572714560e-01 -1.0572714558e-01
1.7700000000e+01  -1.0572818859e-01 -1.0572829907e-01 -1.0572829905e-01
1.7750000000e+01  -1.0572942270e-01 -1.0572955034e-01 -1.0572955032e-01
1.7800000000e+01  -1.0573076349e-01 -1.0573091017e-01 -1.0573091014e-01
1.7850000000e+01  -1.0573222271e-01 -1.0573239055e-01 -1.0573239052e-01
1.7900000000e+01  -1.0573381352e-01 -1.0573400486e-01 -1.0573400483e-01
1.7950000000e+01  -1.0573555058e-01 -1.0573576807e-01 -1.0573576803e-01
1.8000000000e+01  -1.0573745036e-01 -1.0573769694e-01 -1.0573769690e-01
1.8050000000e+01  -1.0573953128e-01 -1.0573981027e-01 -1.0573981022e-01
1.8100000000e+01  -1.0574181407e-01 -1.0574212921e-01 -1.0574212915e-01
1.8150000000e+01  -1.0574432205e-01 -1.0574467753e-01 -1.0574467746e-01
1.8200000000e+01  -1.0574708151e-01 -1.0574748207e-01 -1.0574748199e-01
1.8250000000e+01  -1.0575012212e-01 -1.0575057313e-01 -1.0575057304e-01
1.8300000000e+01  -1.0575347747e-01 -1.0575398499e-01 -1.0575398489e-01
1.8350000000e+01  -1.0575718560e-01 -1.0575775650e-01 -1.0575775638e-01
1.8400000000e+01  -1.0576128967e-01 -1.0576193178e-01 -1.0576193165e-01
1.8450000000e+01  -1.0576583879e-01 -1.0576656101e-01 -1.0576656086e-01
1.8500000000e+01  -1.0577088889e-01 -1.0577170136e-01 -1.0577170118e-01
1.8550000000e+01  -1.0577650378e-01 -1.0577741810e-01 -1.0577741789e-01
1.8600000000e+01  -1.0578275645e-01 -1.0578378589e-01 -1.0578378565e-01
1.8650000000e+01  -1.0578973052e-01 -1.0579089030e-01 -1.0579089002e-01
1.8700000000e+01  -1.0579752198e-01 -1.0579882959e-01 -1.0579882926e-01
1.8750000000e+01  -1.0580624125e-01 -1.0580771684e-01 -1.0580771647e-01
1.8800000000e+01  -1.0581601567e-01 -1.0581768249e-01 -1.0581768206e-01
1.8850000000e+01  -1.0582699236e-01 -1.0582887731e-01 -1.0582887681e-01
1.8900000000e+01  -1.0583934171e-01 -1.0584147600e-01 -1.0584147541e-01
1.8950000000e+01  -1.0585326157e-01 -1.0585568145e-01 -1.0585568076e-01
1.9000000000e+01  -1.0586898219e-01 -1.0587172992e-01 -1.0587172912e-01
1.9050000000e+01  -1.0588677228e-01 -1.0588989723e-01 -1.0588989629e-01
1.9100000000e+01  -1.0590694626e-01 -1.0591050629e-01 -1.0591050518e-01
1.9150000000e+01  -1.0592987310e-01 -1.0593393617e-01 -1.0593393487e-01
1.9200000000e+01  -1.0595598707e-01 -1.0596063328e-01 -1.0596063175e-01
1.9250000000e+01  -1.0598580089e-01 -1.0599112493e-01 -1.0599112311e-01
1.9300000000e+01  -1.0601992187e-01 -1.0602603607e-01 -1.0602603391e-01
1.9350000000e+01  -1.0605907191e-01 -1.0606610996e-01 -1.0606610738e-01
1.9400000000e+01  -1.0610411222e-01 -1.0611223382e-01 -1.0611223072e-01
1.9450000000e+01  -1.0615607417e-01 -1.0616547084e-01 -1.0616546711e-01
1.9500000000e+01  -1.0621619797e-01 -1.0622710034e-01 -1.0622709585e-01
1.9550000000e+01  -1.0628598153e-01 -1.0629866852e-01 -1.0629866307e-01
1.9600000000e+01  -1.0636724234e-01 -1.0638205285e-01 -1.0638204623e-01
1.9650000000e+01  -1.0646219669e-01 -1.0647954457e-01 -1.0647953647e-01
1.9700000000e+01  -1.0657356157e-01 -1.0659395487e-01 -1.0659394492e-01
1.9750000000e+01  -1.0670468698e-01 -1.0672875299e-01 -1.0672874068e-01
1.9800000000e+01  -1.0685972900e-01 -1.0688824701e-01 -1.0688823171e-01
1.9850000000e+01  -1.0704387842e-01 -1.0707782309e-01 -1.0707780394e-01
1.9900000000e+01  -1.0726366567e-01 -1.0730426487e-01 -1.0730424072e-01
1.9950000000e+01  -1.0752737195e-01 -1.0757618483e-01 -1.0757615414e-01
2.0000000000e+01  -1.0784558990e-01 -1.0790461347e-01 -1.0790457415e-01
