0 5 -1
0.05 4.95  -1
0.1 4.9  -1
0.15 4.85  -1
0.2 4.8  -1.00001
0.25 4.75  -1.00001
0.3 4.7  -1.00002
0.35 4.65  -1.00002
0.4 4.6  -1.00003
0.45 4.54999  -1.00004
0.5 4.49999  -1.00005
0.55 4.44999  -1.00006
0.6 4.39998  -1.00008
0.65 4.34998  -1.00009
0.7 4.29997  -1.00011
0.75 4.24997  -1.00013
0.8 4.19996  -1.00015
0.85 4.14995  -1.00017
0.9 4.09994  -1.0002
0.95 4.04993  -1.00023
1 3.99992  -1.00026
1.05 3.9499  -1.00029
1.1 3.89989  -1.00033
1.15 3.84987  -1.00037
1.2 3.79985  -1.00042
1.25 3.74982  -1.00047
1.3 3.6998  -1.00053
1.35 3.64977  -1.00059
1.4 3.59973  -1.00065
1.45 3.5497  -1.00073
1.5 3.49966  -1.00081
1.55 3.44961  -1.00091
1.6 3.39956  -1.00101
1.65 3.34951  -1.00112
1.7 3.29944  -1.00125
1.75 3.24937  -1.00139
1.8 3.1993  -1.00154
1.85 3.14921  -1.00172
1.9 3.09912  -1.00191
1.95 3.04901  -1.00213
2 2.99889  -1.00237
2.05 2.94876  -1.00265
2.1 2.89861  -1.00295
2.15 2.84845  -1.0033
2.2 2.79826  -1.00369
2.25 2.74805  -1.00414
2.3 2.69782  -1.00464
2.35 2.64756  -1.00522
2.4 2.59727  -1.00587
2.45 2.54694  -1.00662
2.5 2.49656  -1.00748
2.55 2.44614  -1.00847
2.6 2.39566  -1.00961
2.65 2.34511  -1.01093
2.7 2.29449  -1.01246
2.75 2.24378  -1.01424
2.8 2.19296  -1.01632
2.85 2.14202  -1.01875
2.9 2.09094  -1.02162
2.95 2.03969  -1.02501
3 1.98824  -1.02904
3.05 1.93655  -1.03385
3.1 1.88457  -1.03961
3.15 1.83224  -1.04656
3.2 1.77949  -1.05499
3.25 1.72623  -1.06527
3.3 1.67233  -1.07791
3.35 1.61765  -1.09356
3.4 1.562  -1.1131
3.45 1.50511  -1.13773
3.5 1.44666  -1.16907
3.55 1.38619  -1.20938
3.6 1.3231  -1.26179
3.65 1.25657  -1.33057
3.7 1.18552  -1.42105
3.75 1.10863  -1.53769
3.8 1.02502  -1.67218
3.85 0.937937  -1.74174
3.9 0.872873  -1.30128
3.95 0.905795  0.658441
4 0.987326  1.63061
4.05 1.07146  1.68279
4.1 1.14933  1.55729
4.15 1.22078  1.42906
4.2 1.28705  1.32543
4.25 1.34933  1.24544
4.3 1.40852  1.18397
4.35 1.46534  1.1364
4.4 1.52031  1.09922
4.45 1.5738  1.06985
4.5 1.62612  1.04641
4.55 1.6775  1.02753
4.6 1.72811  1.0122
4.65 1.77809  0.999656
4.7 1.82755  0.989316
4.75 1.87659  0.980741
4.8 1.92527  0.973588
4.85 1.97365  0.967589
4.9 2.02178  0.962533
4.95 2.06969  0.958252
5 2.11742  0.954611
5.05 2.165  0.951502
5.1 2.21244  0.948837
5.15 2.25976  0.946545
5.2 2.30699  0.944566
5.25 2.35414  0.942853
5.3 2.4012  0.941365
5.35 2.44821  0.940068
5.4 2.49515  0.938936
5.45 2.54205  0.937944
5.5 2.5889  0.937073
5.55 2.63572  0.936306
5.6 2.6825  0.93563
5.65 2.72925  0.935032
5.7 2.77598  0.934501
5.75 2.82268  0.934031
5.8 2.86936  0.933612
5.85 2.91602  0.933239
5.9 2.96267  0.932905
5.95 3.0093  0.932607
6 3.05591  0.932339
6.05 3.10252  0.932099
6.1 3.14911  0.931884
6.15 3.1957  0.931689
6.2 3.24227  0.931514
6.25 3.28884  0.931356
6.3 3.3354  0.931213
6.35 3.38196  0.931083
6.4 3.4285  0.930966
6.45 3.47505  0.930859
6.5 3.52159  0.930763
6.55 3.56812  0.930674
6.6 3.61465  0.930594
6.65 3.66118  0.930521
6.7 3.7077  0.930455
6.75 3.75422  0.930394
6.8 3.80073  0.930339
6.85 3.84725  0.930288
6.9 3.89376  0.930242
6.95 3.94027  0.930199
7 3.98678  0.930161
7.05 4.03329  0.930125
7.1 4.07979  0.930093
7.15 4.12629  0.930063
7.2 4.1728  0.930037
7.25 4.2193  0.930012
7.3 4.2658  0.92999
7.35 4.31229  0.929969
7.4 4.35879  0.929951
7.45 4.40529  0.929934
7.5 4.45178  0.929919
7.55 4.49828  0.929905
7.6 4.54477  0.929893
7.65 4.59127  0.929882
7.7 4.63776  0.929873
7.75 4.68425  0.929864
7.8 4.73075  0.929857
7.85 4.77724  0.929851
7.9 4.82373  0.929846
7.95 4.87022  0.929842
8 4.91672  0.92984
8.05 4.96321  0.929838
8.1 5.0097  0.929837
8.15 5.05619  0.929837
8.2 5.10268  0.929838
8.25 5.14918  0.929841
8.3 5.19567  0.929844
8.35 5.24216  0.929848
8.4 5.28865  0.929854
8.45 5.33515  0.92986
8.5 5.38164  0.929868
8.55 5.42813  0.929876
8.6 5.47463  0.929886
8.65 5.52112  0.929898
8.7 5.56762  0.929911
8.75 5.61411  0.929925
8.8 5.66061  0.929941
8.85 5.70711  0.929958
8.9 5.75361  0.929977
8.95 5.80011  0.929999
9 5.84661  0.930022
9.05 5.89311  0.930047
9.1 5.93962  0.930075
9.15 5.98612  0.930106
9.2 6.03263  0.93014
9.25 6.07914  0.930176
9.3 6.12565  0.930217
9.35 6.17216  0.93026
9.4 6.21868  0.930309
9.45 6.26519  0.930361
9.5 6.31171  0.930419
9.55 6.35824  0.930482
9.6 6.40477  0.930551
9.65 6.4513  0.930627
9.7 6.49783  0.93071
9.75 6.54437  0.930802
9.8 6.59092  0.930903
9.85 6.63747  0.931013
9.9 6.68403  0.931136
9.95 6.73059  0.931271
10 6.77716  0.93142
10.05 6.82374  0.931585
10.1 6.87033  0.931768
10.15 6.91693  0.931971
10.2 6.96354  0.932196
10.25 7.01016  0.932447
10.3 7.0568  0.932727
10.35 7.10345  0.93304
10.4 7.15012  0.933389
10.45 7.19681  0.933781
10.5 7.24352  0.93422
10.55 7.29025  0.934715
10.6 7.33702  0.935272
10.65 7.38381  0.935902
10.7 7.43064  0.936614
10.75 7.47751  0.937423
10.8 7.52443  0.938342
10.85 7.5714  0.93939
10.9 7.61843  0.940588
10.95 7.66553  0.941961
11 7.7127  0.943538
11.05 7.75997  0.945357
11.1 7.80734  0.94746
11.15 7.85484  0.9499
11.2 7.90248  0.95274
11.25 7.95028  0.95606
11.3 7.99828  0.959953
11.35 8.0465  0.96454
11.4 8.095  0.969967
11.45 8.14382  0.976419
11.5 8.19303  0.984129
11.55 8.2427  0.993393
11.6 8.29293  1.00459
11.65 8.34384  1.01822
11.7 8.39559  1.03493
11.75 8.44837  1.05557
11.8 8.50243  1.08129
11.85 8.55811  1.11366
11.9 8.61585  1.15481
11.95 8.67624  1.20769
12 8.74005  1.27627
12.05 8.80833  1.36555
12.1 8.88233  1.47997
12.15 8.96303  1.61409
12.2 9.04829  1.70517
12.25 9.11888  1.4118
12.3 9.10675  -0.242594
12.35 9.03058  -1.52344
12.4 8.94677  -1.67618
12.45 8.86854  -1.56458
12.5 8.79693  -1.43229
12.55 8.73082  -1.32206
12.6 8.66902  -1.23602
12.65 8.61055  -1.16951
12.7 8.55465  -1.11784
12.75 8.50079  -1.0773
12.8 8.44853  -1.04516
12.85 8.39756  -1.01942
12.9 8.34763  -0.998609
12.95 8.29855  -0.981645
13 8.25016  -0.96771
13.05 8.20235  -0.956182
13.1 8.15502  -0.946584
13.15 8.1081  -0.938548
13.2 8.06151  -0.931783
13.25 8.0152  -0.92606
13.3 7.96914  -0.921197
13.35 7.92329  -0.917046
13.4 7.87762  -0.913489
13.45 7.8321  -0.91043
13.5 7.78671  -0.90779
13.55 7.74143  -0.905504
13.6 7.69626  -0.903518
13.65 7.65117  -0.901788
13.7 7.60615  -0.900276
13.75 7.56121  -0.898952
13.8 7.51632  -0.897789
13.85 7.47148  -0.896764
13.9 7.42668  -0.89586
13.95 7.38193  -0.89506
14 7.33721  -0.894351
14.05 7.29253  -0.893722
14.1 7.24787  -0.893161
14.15 7.20324  -0.892661
14.2 7.15863  -0.892214
14.25 7.11404  -0.891814
14.3 7.06946  -0.891456
14.35 7.02491  -0.891134
14.4 6.98036  -0.890844
14.45 6.93583  -0.890583
14.5 6.89132  -0.890347
14.55 6.84681  -0.890135
14.6 6.80231  -0.889942
14.65 6.75782  -0.889768
14.7 6.71334  -0.889609
14.75 6.66887  -0.889466
14.8 6.6244  -0.889335
14.85 6.57994  -0.889216
14.9 6.53549  -0.889108
14.95 6.49104  -0.889009
15 6.44659  -0.888918
15.05 6.40215  -0.888836
15.1 6.35771  -0.88876
15.15 6.31328  -0.888691
15.2 6.26885  -0.888628
15.25 6.22442  -0.88857
15.3 6.17999  -0.888517
15.35 6.13557  -0.888468
15.4 6.09115  -0.888423
15.45 6.04673  -0.888382
15.5 6.00231  -0.888344
15.55 5.9579  -0.88831
15.6 5.91348  -0.888278
15.65 5.86907  -0.888249
15.7 5.82466  -0.888222
15.75 5.78025  -0.888198
15.8 5.73584  -0.888175
15.85 5.69143  -0.888155
15.9 5.64702  -0.888136
15.95 5.60262  -0.888119
16 5.55821  -0.888104
16.05 5.51381  -0.88809
16.1 5.46941  -0.888077
16.15 5.425  -0.888066
16.2 5.3806  -0.888056
16.25 5.3362  -0.888047
16.3 5.29179  -0.88804
16.35 5.24739  -0.888033
16.4 5.20299  -0.888028
16.45 5.15859  -0.888023
16.5 5.11419  -0.88802
16.55 5.06979  -0.888017
16.6 5.02539  -0.888016
16.65 4.98099  -0.888015
16.7 4.93659  -0.888016
16.75 4.89219  -0.888017
16.8 4.84778  -0.888019
16.85 4.80338  -0.888023
16.9 4.75898  -0.888027
16.95 4.71458  -0.888032
17 4.67018  -0.888039
17.05 4.62578  -0.888046
17.1 4.58137  -0.888055
17.15 4.53697  -0.888065
17.2 4.49257  -0.888076
17.25 4.44816  -0.888088
17.3 4.40376  -0.888102
17.35 4.35935  -0.888117
17.4 4.31494  -0.888134
17.45 4.27054  -0.888152
17.5 4.22613  -0.888172
17.55 4.18172  -0.888194
17.6 4.13731  -0.888218
17.65 4.0929  -0.888245
17.7 4.04848  -0.888274
17.75 4.00407  -0.888305
17.8 3.95965  -0.888339
17.85 3.91523  -0.888376
17.9 3.87081  -0.888417
17.95 3.82639  -0.888461
18 3.78196  -0.888509
18.05 3.73753  -0.888562
18.1 3.6931  -0.888619
18.15 3.64867  -0.888682
18.2 3.60423  -0.88875
18.25 3.55979  -0.888825
18.3 3.51534  -0.888906
18.35 3.47089  -0.888995
18.4 3.42644  -0.889093
18.45 3.38198  -0.8892
18.5 3.33751  -0.889317
18.55 3.29304  -0.889446
18.6 3.24856  -0.889588
18.65 3.20407  -0.889744
18.7 3.15958  -0.889916
18.75 3.11507  -0.890106
18.8 3.07056  -0.890316
18.85 3.02603  -0.890548
18.9 2.98149  -0.890805
18.95 2.93694  -0.89109
19 2.89237  -0.891407
19.05 2.84778  -0.89176
19.1 2.80317  -0.892154
19.15 2.75854  -0.892594
19.2 2.71389  -0.893086
19.25 2.6692  -0.893637
19.3 2.62449  -0.894256
19.35 2.57974  -0.894953
19.4 2.53496  -0.895739
19.45 2.49013  -0.896627
19.5 2.44524  -0.897633
19.55 2.4003  -0.898775
19.6 2.3553  -0.900075
19.65 2.31022  -0.901558
19.7 2.26506  -0.903255
19.75 2.2198  -0.905202
19.8 2.17443  -0.907442
19.85 2.12893  -0.910027
19.9 2.08328  -0.913021
19.95 2.03745  -0.916501
20 1.99142  -0.92056
