0 5 -1
0.05 4.95  -1
0.1 4.9  -1
0.15 4.85  -1
0.2 4.8  -1.00001
0.25 4.75  -1.00001
0.3 4.7  -1.00002
0.35 4.65  -1.00003
0.4 4.6  -1.00004
0.45 4.54999  -1.00005
0.5 4.49999  -1.00006
0.55 4.44999  -1.00007
0.6 4.39998  -1.00008
0.65 4.34998  -1.0001
0.7 4.29997  -1.00012
0.75 4.24997  -1.00014
0.8 4.19996  -1.00016
0.85 4.14995  -1.00019
0.9 4.09994  -1.00021
0.95 4.04993  -1.00024
1 3.99992  -1.00028
1.05 3.9499  -1.00031
1.1 3.89989  -1.00035
1.15 3.84987  -1.0004
1.2 3.79985  -1.00044
1.25 3.74982  -1.0005
1.3 3.6998  -1.00056
1.35 3.64977  -1.00062
1.4 3.59973  -1.00069
1.45 3.5497  -1.00077
1.5 3.49966  -1.00086
1.55 3.44961  -1.00096
1.6 3.39956  -1.00106
1.65 3.34951  -1.00118
1.7 3.29944  -1.00132
1.75 3.24937  -1.00146
1.8 3.1993  -1.00163
1.85 3.14921  -1.00181
1.9 3.09912  -1.00202
1.95 3.04901  -1.00225
2 2.99889  -1.00251
2.05 2.94876  -1.0028
2.1 2.89861  -1.00313
2.15 2.84845  -1.0035
2.2 2.79826  -1.00392
2.25 2.74805  -1.00439
2.3 2.69782  -1.00493
2.35 2.64756  -1.00555
2.4 2.59727  -1.00625
2.45 2.54694  -1.00705
2.5 2.49656  -1.00798
2.55 2.44614  -1.00904
2.6 2.39566  -1.01027
2.65 2.34511  -1.01169
2.7 2.29449  -1.01335
2.75 2.24378  -1.01528
2.8 2.19296  -1.01753
2.85 2.14202  -1.02019
2.9 2.09094  -1.02332
2.95 2.03969  -1.02703
3 1.98824  -1.03145
3.05 1.93655  -1.03673
3.1 1.88457  -1.04308
3.15 1.83224  -1.05077
3.2 1.77949  -1.06013
3.25 1.72623  -1.07159
3.3 1.67233  -1.08573
3.35 1.61765  -1.10333
3.4 1.562  -1.12542
3.45 1.50511  -1.1534
3.5 1.44666  -1.18923
3.55 1.38619  -1.23559
3.6 1.3231  -1.29618
3.65 1.25657  -1.37581
3.7 1.18552  -1.47937
3.75 1.10863  -1.60493
3.8 1.02502  -1.70696
3.85 0.937937  -1.52151
3.9 0.872873  -0.321418
3.95 0.905795  1.14452
4 0.987326  1.6567
4.05 1.07146  1.62004
4.1 1.14933  1.49317
4.15 1.22078  1.37725
4.2 1.28705  1.28544
4.25 1.34933  1.2147
4.3 1.40852  1.16019
4.35 1.46534  1.11781
4.4 1.52031  1.08454
4.45 1.5738  1.05813
4.5 1.62612  1.03697
4.55 1.6775  1.01987
4.6 1.72811  1.00593
4.65 1.77809  0.994486
4.7 1.82755  0.985029
4.75 1.87659  0.977165
4.8 1.92527  0.970589
4.85 1.97365  0.965061
4.9 2.02178  0.960392
4.95 2.06969  0.956431
5 2.11742  0.953056
5.05 2.165  0.950169
5.1 2.21244  0.947691
5.15 2.25976  0.945555
5.2 2.30699  0.943709
5.25 2.35414  0.942109
5.3 2.4012  0.940716
5.35 2.44821  0.939502
5.4 2.49515  0.93844
5.45 2.54205  0.937508
5.5 2.5889  0.93669
5.55 2.63572  0.935968
5.6 2.6825  0.935331
5.65 2.72925  0.934767
5.7 2.77598  0.934266
5.75 2.82268  0.933821
5.8 2.86936  0.933425
5.85 2.91602  0.933072
5.9 2.96267  0.932756
5.95 3.0093  0.932473
6 3.05591  0.932219
6.05 3.10252  0.931992
6.1 3.14911  0.931786
6.15 3.1957  0.931602
6.2 3.24227  0.931435
6.25 3.28884  0.931284
6.3 3.3354  0.931148
6.35 3.38196  0.931025
6.4 3.4285  0.930913
6.45 3.47505  0.930811
6.5 3.52159  0.930718
6.55 3.56812  0.930634
6.6 3.61465  0.930558
6.65 3.66118  0.930488
6.7 3.7077  0.930424
6.75 3.75422  0.930366
6.8 3.80073  0.930313
6.85 3.84725  0.930265
6.9 3.89376  0.930221
6.95 3.94027  0.93018
7 3.98678  0.930143
7.05 4.03329  0.930109
7.1 4.07979  0.930078
7.15 4.12629  0.93005
7.2 4.1728  0.930024
7.25 4.2193  0.930001
7.3 4.2658  0.929979
7.35 4.31229  0.92996
7.4 4.35879  0.929942
7.45 4.40529  0.929926
7.5 4.45178  0.929912
7.55 4.49828  0.929899
7.6 4.54477  0.929888
7.65 4.59127  0.929877
7.7 4.63776  0.929868
7.75 4.68425  0.929861
7.8 4.73075  0.929854
7.85 4.77724  0.929849
7.9 4.82373  0.929844
7.95 4.87022  0.929841
8 4.91672  0.929839
8.05 4.96321  0.929837
8.1 5.0097  0.929837
8.15 5.05619  0.929838
8.2 5.10268  0.92984
8.25 5.14918  0.929842
8.3 5.19567  0.929846
8.35 5.24216  0.929851
8.4 5.28865  0.929857
8.45 5.33515  0.929864
8.5 5.38164  0.929872
8.55 5.42813  0.929881
8.6 5.47463  0.929892
8.65 5.52112  0.929904
8.7 5.56762  0.929918
8.75 5.61411  0.929933
8.8 5.66061  0.929949
8.85 5.70711  0.929968
8.9 5.75361  0.929988
8.95 5.80011  0.93001
9 5.84661  0.930035
9.05 5.89311  0.930061
9.1 5.93962  0.930091
9.15 5.98612  0.930123
9.2 6.03263  0.930158
9.25 6.07914  0.930196
9.3 6.12565  0.930239
9.35 6.17216  0.930285
9.4 6.21868  0.930335
9.45 6.26519  0.93039
9.5 6.31171  0.93045
9.55 6.35824  0.930516
9.6 6.40477  0.930589
9.65 6.4513  0.930669
9.7 6.49783  0.930756
9.75 6.54437  0.930852
9.8 6.59092  0.930958
9.85 6.63747  0.931075
9.9 6.68403  0.931203
9.95 6.73059  0.931345
10 6.77716  0.931502
10.05 6.82374  0.931676
10.1 6.87033  0.931869
10.15 6.91693  0.932084
10.2 6.96354  0.932322
10.25 7.01016  0.932587
10.3 7.0568  0.932884
10.35 7.10345  0.933214
10.4 7.15012  0.933585
10.45 7.19681  0.934001
10.5 7.24352  0.934468
10.55 7.29025  0.934994
10.6 7.33702  0.935587
10.65 7.38381  0.936258
10.7 7.43064  0.937019
10.75 7.47751  0.937882
10.8 7.52443  0.938866
10.85 7.5714  0.939989
10.9 7.61843  0.941274
10.95 7.66553  0.942749
11 7.7127  0.944448
11.05 7.75997  0.946408
11.1 7.80734  0.94868
11.15 7.85484  0.95132
11.2 7.90248  0.9544
11.25 7.95028  0.958007
11.3 7.99828  0.962247
11.35 8.0465  0.967253
11.4 8.095  0.973193
11.45 8.14382  0.980274
11.5 8.19303  0.988761
11.55 8.2427  0.998993
11.6 8.29293  1.01141
11.65 8.34384  1.02658
11.7 8.39559  1.04525
11.75 8.44837  1.06843
11.8 8.50243  1.09748
11.85 8.55811  1.13424
11.9 8.61585  1.18125
11.95 8.67624  1.24198
12 8.74005  1.32091
12.05 8.80833  1.42276
12.1 8.88233  1.54703
12.15 8.96303  1.65963
12.2 9.04829  1.55848
12.25 9.11888  0.584603
12.3 9.10675  -0.883017
12.35 9.03058  -1.59981
12.4 8.94677  -1.62038
12.45 8.86854  -1.49844
12.5 8.79693  -1.37718
12.55 8.73082  -1.27904
12.6 8.66902  -1.20276
12.65 8.61055  -1.14368
12.7 8.55465  -1.09757
12.75 8.50079  -1.06123
12.8 8.44853  -1.03229
12.85 8.39756  -1.00901
12.9 8.34763  -0.990127
12.95 8.29855  -0.974677
13 8.25016  -0.961946
13.05 8.20235  -0.951383
13.1 8.15502  -0.942566
13.15 8.1081  -0.935166
13.2 8.06151  -0.928922
13.25 8.0152  -0.923628
13.3 7.96914  -0.919121
13.35 7.92329  -0.915268
13.4 7.87762  -0.91196
13.45 7.8321  -0.90911
13.5 7.78671  -0.906647
13.55 7.74143  -0.904511
13.6 7.69626  -0.902653
13.65 7.65117  -0.901032
13.7 7.60615  -0.899614
13.75 7.56121  -0.89837
13.8 7.51632  -0.897276
13.85 7.47148  -0.896312
13.9 7.42668  -0.89546
13.95 7.38193  -0.894706
14 7.33721  -0.894037
14.05 7.29253  -0.893441
14.1 7.24787  -0.892911
14.15 7.20324  -0.892438
14.2 7.15863  -0.892014
14.25 7.11404  -0.891635
14.3 7.06946  -0.891295
14.35 7.02491  -0.890989
14.4 6.98036  -0.890714
14.45 6.93583  -0.890465
14.5 6.89132  -0.890241
14.55 6.84681  -0.890038
14.6 6.80231  -0.889855
14.65 6.75782  -0.889689
14.7 6.71334  -0.889538
14.75 6.66887  -0.8894
14.8 6.6244  -0.889275
14.85 6.57994  -0.889162
14.9 6.53549  -0.889058
14.95 6.49104  -0.888963
15 6.44659  -0.888877
15.05 6.40215  -0.888798
15.1 6.35771  -0.888726
15.15 6.31328  -0.88866
15.2 6.26885  -0.888599
15.25 6.22442  -0.888543
15.3 6.17999  -0.888492
15.35 6.13557  -0.888446
15.4 6.09115  -0.888403
15.45 6.04673  -0.888363
15.5 6.00231  -0.888327
15.55 5.9579  -0.888294
15.6 5.91348  -0.888263
15.65 5.86907  -0.888235
15.7 5.82466  -0.88821
15.75 5.78025  -0.888186
15.8 5.73584  -0.888165
15.85 5.69143  -0.888145
15.9 5.64702  -0.888128
15.95 5.60262  -0.888111
16 5.55821  -0.888097
16.05 5.51381  -0.888084
16.1 5.46941  -0.888072
16.15 5.425  -0.888061
16.2 5.3806  -0.888052
16.25 5.3362  -0.888043
16.3 5.29179  -0.888036
16.35 5.24739  -0.88803
16.4 5.20299  -0.888025
16.45 5.15859  -0.888021
16.5 5.11419  -0.888019
16.55 5.06979  -0.888017
16.6 5.02539  -0.888015
16.65 4.98099  -0.888015
16.7 4.93659  -0.888016
16.75 4.89219  -0.888018
16.8 4.84778  -0.888021
16.85 4.80338  -0.888025
16.9 4.75898  -0.88803
16.95 4.71458  -0.888035
17 4.67018  -0.888042
17.05 4.62578  -0.88805
17.1 4.58137  -0.88806
17.15 4.53697  -0.88807
17.2 4.49257  -0.888082
17.25 4.44816  -0.888095
17.3 4.40376  -0.888109
17.35 4.35935  -0.888125
17.4 4.31494  -0.888143
17.45 4.27054  -0.888162
17.5 4.22613  -0.888183
17.55 4.18172  -0.888206
17.6 4.13731  -0.888232
17.65 4.0929  -0.888259
17.7 4.04848  -0.888289
17.75 4.00407  -0.888322
17.8 3.95965  -0.888358
17.85 3.91523  -0.888397
17.9 3.87081  -0.888439
17.95 3.82639  -0.888485
18 3.78196  -0.888536
18.05 3.73753  -0.888591
18.1 3.6931  -0.888651
18.15 3.64867  -0.888716
18.2 3.60423  -0.888787
18.25 3.55979  -0.888865
18.3 3.51534  -0.888951
18.35 3.47089  -0.889044
18.4 3.42644  -0.889146
18.45 3.38198  -0.889258
18.5 3.33751  -0.889382
18.55 3.29304  -0.889517
18.6 3.24856  -0.889666
18.65 3.20407  -0.88983
18.7 3.15958  -0.890011
18.75 3.11507  -0.890211
18.8 3.07056  -0.890432
18.85 3.02603  -0.890676
18.9 2.98149  -0.890948
18.95 2.93694  -0.891249
19 2.89237  -0.891584
19.05 2.84778  -0.891957
19.1 2.80317  -0.892374
19.15 2.75854  -0.89284
19.2 2.71389  -0.893361
19.25 2.6692  -0.893947
19.3 2.62449  -0.894605
19.35 2.57974  -0.895346
19.4 2.53496  -0.896183
19.45 2.49013  -0.89713
19.5 2.44524  -0.898204
19.55 2.4003  -0.899425
19.6 2.3553  -0.900817
19.65 2.31022  -0.902407
19.7 2.26506  -0.904228
19.75 2.2198  -0.906322
19.8 2.17443  -0.908734
19.85 2.12893  -0.911524
19.9 2.08328  -0.914761
19.95 2.03745  -0.918531
20 1.99142  -0.922936
