0.0000000000e+00  0.0000000000e+00 0.0000000000e+00 0.0000000000e+00
5.0000000000e-02  3.2282948537e-10 -5.9341420666e-14 -1.1102230246e-16
1.0000000000e-01  1.2948790928e-09 -2.3819834993e-13 -2.7755575616e-16
1.5000000000e-01  2.9268876767e-09 -5.3967941227e-13 -8.3266726847e-16
2.0000000000e-01  5.2369412695e-09 -9.6839203323e-13 -1.6098233857e-15
2.5000000000e-01  8.2507579102e-09 -1.5311640844e-12 -2.7200464103e-15
3.0000000000e-01  1.2002095318e-08 -2.2370438835e-12 -4.2188474936e-15
3.5000000000e-01  1.6533290348e-08 -3.0974667276e-12 -6.2172489379e-15
4.0000000000e-01  2.1895941060e-08 -4.1262548933e-12 -8.6042284408e-15
4.5000000000e-01  2.8151746434e-08 -5.3406168377e-12 -1.1712852910e-14
5.0000000000e-01  3.5373523444e-08 -6.7607586196e-12 -1.5487611194e-14
5.5000000000e-01  4.3646422532e-08 -8.4108275900e-12 -2.0206059048e-14
6.0000000000e-01  5.3069370731e-08 -1.0319134436e-11 -2.5868196474e-14
6.5000000000e-01  6.3756774304e-08 -1.2519318915e-11 -3.2918112680e-14
7.0000000000e-01  7.5840522806e-08 -1.5051071500e-11 -4.1966430331e-14
7.5000000000e-01  8.9472341813e-08 -1.7960188892e-11 -5.3013149426e-14
8.0000000000e-01  1.0482655077e-07 -2.1300738950e-11 -6.6613381478e-14
8.5000000000e-01  1.2210329675e-07 -2.5135948878e-11 -8.3044682242e-14
9.0000000000e-01  1.4153234512e-07 -2.9540703217e-11 -1.0352829705e-13
9.5000000000e-01  1.6337752862e-07 -3.4602487542e-11 -1.2895240431e-13
1.0000000000e+00  1.8794197049e-07 -4.0424330550e-11 -1.6064927166e-13
1.0500000000e+00  2.1557422747e-07 -4.7127468594e-11 -2.0006218904e-13
1.1000000000e+00  2.4667552312e-07 -5.4855342491e-11 -2.4941160248e-13
1.1500000000e+00  2.8170828142e-07 -6.3777039205e-11 -3.1097346920e-13
1.2000000000e+00  3.2120621063e-07 -7.4093564617e-11 -3.8830050286e-13
1.2500000000e+00  3.6578624546e-07 -8.6043006053e-11 -4.8533399521e-13
1.3000000000e+00  4.1616271707e-07 -9.9909303053e-11 -6.0762506138e-13
1.3500000000e+00  4.7316420632e-07 -1.1603135119e-10 -7.6250117331e-13
1.4000000000e+00  5.3775363507e-07 -1.3481404881e-10 -9.5889962637e-13
1.4500000000e+00  6.1105227417e-07 -1.5674322951e-10 -1.2085332735e-12
1.5000000000e+00  6.9436850764e-07 -1.8240342570e-10 -1.5269452369e-12
1.5500000000e+00  7.8923238611e-07 -2.1249968452e-10 -1.9343415758e-12
1.6000000000e+00  8.9743724918e-07 -2.4788543440e-10 -2.4577007096e-12
1.6500000000e+00  1.0210900095e-06 -2.8959584730e-10 -3.1318281302e-12
1.7000000000e+00  1.1626720792e-06 -3.3889224760e-10 -4.0036862714e-12
1.7500000000e+00  1.3251134263e-06 -3.9731579138e-10 -5.1353366004e-12
1.8000000000e+00  1.5118828818e-06 -4.6675663334e-10 -6.6100458440e-12
1.8500000000e+00  1.7270986359e-06 -5.4954146789e-10 -8.5391693716e-12
1.9000000000e+00  1.9756639174e-06 -6.4854632775e-10 -1.1073308936e-11
1.9500000000e+00  2.2634342117e-06 -7.6734091303e-10 -1.4416801086e-11
2.0000000000e+00  2.5974241495e-06 -9.1037510863e-10 -1.8847812200e-11
2.0500000000e+00  2.9860645138e-06 -1.0832219011e-09 -2.4747481842e-11
2.1000000000e+00  3.4395228711e-06 -1.2928950688e-09 -3.2640501413e-11
2.1500000000e+00  3.9701053733e-06 -1.5482676252e-09 -4.3253622906e-11
2.2000000000e+00  4.5927626590e-06 -1.8606263752e-09 -5.7599092163e-11
2.2500000000e+00  5.3257300101e-06 -2.2444120451e-09 -7.7095163586e-11
2.3000000000e+00  6.1913416731e-06 -2.7182159856e-09 -1.0374190396e-10
2.3500000000e+00  7.2170725399e-06 -3.3061321458e-09 -1.4037854212e-10
2.4000000000e+00  8.4368786144e-06 -4.0396062051e-09 -1.9106272120e-10
2.4500000000e+00  9.8929329210e-06 -4.9599903074e-09 -2.6163560207e-10
2.5000000000e+00  1.1637888766e-05 -6.1221059333e-09 -3.6057007380e-10
2.5500000000e+00  1.3737851980e-05 -7.5992641069e-09 -5.0025328324e-10
2.6000000000e+00  1.6276314657e-05 -9.4904203385e-09 -6.9894751098e-10
2.6500000000e+00  1.9359404993e-05 -1.1930489596e-08 -9.8381436331e-10
2.7000000000e+00  2.3122956795e-05 -1.5105407314e-08 -1.3956284461e-09
2.7500000000e+00  2.7742121977e-05 -1.9274412177e-08 -1.9962052566e-09
2.8000000000e+00  3.3444578266e-05 -2.4803485321e-08 -2.8802435992e-09
2.8500000000e+00  4.0528883082e-05 -3.2216281809e-08 -4.1944379081e-09
2.9000000000e+00  4.9390292486e-05 -4.2272947420e-08 -6.1687359665e-09
2.9500000000e+00  6.0557564530e-05 -5.6094135337e-08 -9.1681786052e-09
3.0000000000e+00  7.4746173554e-05 -7.5359590179e-08 -1.3780165620e-08
3.0500000000e+00  9.2936442469e-05 -1.0263200806e-07 -2.0963709213e-08
3.1000000000e+00  1.1649015907e-04 -1.4189526620e-07 -3.2309012354e-08
3.1500000000e+00  1.4732768594e-04 -1.9946619406e-07 -5.0496876014e-08
3.2000000000e+00  1.8820187103e-04 -2.8556828635e-07 -8.0126394464e-08
3.2500000000e+00  2.4312953431e-04 -4.1709417686e-07 -1.2923226100e-07
3.3000000000e+00  3.1808326166e-04 -6.2251460325e-07 -2.1210862089e-07
3.3500000000e+00  4.2211693308e-04 -9.5061308841e-07 -3.5461248499e-07
3.4000000000e+00  5.6920971199e-04 -1.4856349365e-06 -6.0406487479e-07
3.4500000000e+00  7.8124990225e-04 -2.3709627273e-06 -1.0469064260e-06
3.5000000000e+00  1.0925527798e-03 -3.8318641513e-06 -1.8349443647e-06
3.5500000000e+00  1.5550311082e-03 -6.1126132925e-06 -3.1932320205e-06
3.6000000000e+00  2.2350531327e-03 -8.8206580794e-06 -5.2004714699e-06
3.6500000000e+00  3.1492834349e-03 -6.8200733362e-06 -6.0465641417e-06
3.7000000000e+00  3.8494698256e-03 3.3258498035e-05 8.8272170187e-06
3.7500000000e+00  1.0384964258e-03 2.9027114235e-04 1.2406670299e-04
3.8000000000e+00  -2.3898875853e-02 1.0542938093e-03 5.0048233554e-04
3.8500000000e+00  -1.2249939123e-01 -1.3720698946e-02 -8.5607566320e-03
3.9000000000e+00  1.4192372495e-01 -9.3454470645e-04 -2.9074999694e-02
3.9500000000e+00  -1.8772949149e-01 -1.0759395030e-01 -9.8477202859e-02
4.0000000000e+00  -1.2110142747e-01 -6.7765390187e-02 -6.7729921229e-02
4.0500000000e+00  -7.2497545922e-02 -6.7141867544e-02 -6.7436235846e-02
4.1000000000e+00  -6.4431782760e-02 -6.7606514554e-02 -6.7663073953e-02
4.1500000000e+00  -6.4298003387e-02 -6.7698951851e-02 -6.7703844663e-02
4.2000000000e+00  -6.5172307885e-02 -6.7710134719e-02 -6.7707125667e-02
4.2500000000e+00  -6.5924405259e-02 -6.7708541077e-02 -6.7705418718e-02
4.3000000000e+00  -6.6453037618e-02 -6.7706081493e-02 -6.7703840542e-02
4.3500000000e+00  -6.6811166237e-02 -6.7704349489e-02 -6.7702849979e-02
4.4000000000e+00  -6.7054649144e-02 -6.7703271025e-02 -6.7702275038e-02
4.4500000000e+00  -6.7222821060e-02 -6.7702614875e-02 -6.7701945479e-02
4.5000000000e+00  -6.7341210913e-02 -6.7702212952e-02 -6.7701754959e-02
4.5500000000e+00  -6.7426159907e-02 -6.7701962447e-02 -6.7701643062e-02
4.6000000000e+00  -6.7488213883e-02 -6.7701803015e-02 -6.7701576145e-02
4.6500000000e+00  -6.7534289072e-02 -6.7701699328e-02 -6.7701535396e-02
4.7000000000e+00  -6.7569006787e-02 -6.7701630458e-02 -6.7701510145e-02
4.7500000000e+00  -6.7595514026e-02 -6.7701583791e-02 -6.7701494240e-02
4.8000000000e+00  -6.7615993305e-02 -6.7701551573e-02 -6.7701484069e-02
4.8500000000e+00  -6.7631984393e-02 -6.7701528941e-02 -6.7701477472e-02
4.9000000000e+00  -6.7644590967e-02 -6.7701512787e-02 -6.7701473138e-02
4.9500000000e+00  -6.7654615722e-02 -6.7701501085e-02 -6.7701470254e-02
5.0000000000e+00  -6.7662650292e-02 -6.7701492492e-02 -6.7701468315e-02
5.0500000000e+00  -6.7669136093e-02 -6.7701486104e-02 -6.7701466997e-02
5.1000000000e+00  -6.7674406155e-02 -6.7701481300e-02 -6.7701466092e-02
5.1500000000e+00  -6.7678714309e-02 -6.7701477649e-02 -6.7701465465e-02
5.2000000000e+00  -6.7682255839e-02 -6.7701474847e-02 -6.7701465027e-02
5.2500000000e+00  -6.7685182279e-02 -6.7701472678e-02 -6.7701464718e-02
5.3000000000e+00  -6.7687612149e-02 -6.7701470984e-02 -6.7701464499e-02
5.3500000000e+00  -6.7689638824e-02 -6.7701469652e-02 -6.7701464342e-02
5.4000000000e+00  -6.7691336369e-02 -6.7701468596e-02 -6.7701464229e-02
5.4500000000e+00  -6.7692763900e-02 -6.7701467754e-02 -6.7701464147e-02
5.5000000000e+00  -6.7693968879e-02 -6.7701467079e-02 -6.7701464088e-02
5.5500000000e+00  -6.7694989618e-02 -6.7701466534e-02 -6.7701464044e-02
5.6000000000e+00  -6.7695857201e-02 -6.7701466092e-02 -6.7701464012e-02
5.6500000000e+00  -6.7696596972e-02 -6.7701465731e-02 -6.7701463988e-02
5.7000000000e+00  -6.7697229683e-02 -6.7701465436e-02 -6.7701463970e-02
5.7500000000e+00  -6.7697772402e-02 -6.7701465192e-02 -6.7701463956e-02
5.8000000000e+00  -6.7698239224e-02 -6.7701464992e-02 -6.7701463946e-02
5.8500000000e+00  -6.7698641830e-02 -6.7701464825e-02 -6.7701463938e-02
5.9000000000e+00  -6.7698989940e-02 -6.7701464686e-02 -6.7701463933e-02
5.9500000000e+00  -6.7699291665e-02 -6.7701464570e-02 -6.7701463928e-02
6.0000000000e+00  -6.7699553801e-02 -6.7701464473e-02 -6.7701463925e-02
6.0500000000e+00  -6.7699782057e-02 -6.7701464392e-02 -6.7701463922e-02
6.1000000000e+00  -6.7699981242e-02 -6.7701464323e-02 -6.7701463920e-02
6.1500000000e+00  -6.7700155423e-02 -6.7701464264e-02 -6.7701463918e-02
6.2000000000e+00  -6.7700308044e-02 -6.7701464215e-02 -6.7701463917e-02
6.2500000000e+00  -6.7700442033e-02 -6.7701464173e-02 -6.7701463916e-02
6.3000000000e+00  -6.7700559884e-02 -6.7701464137e-02 -6.7701463915e-02
6.3500000000e+00  -6.7700663726e-02 -6.7701464106e-02 -6.7701463915e-02
6.4000000000e+00  -6.7700755383e-02 -6.7701464080e-02 -6.7701463914e-02
6.4500000000e+00  -6.7700836417e-02 -6.7701464057e-02 -6.7701463914e-02
6.5000000000e+00  -6.7700908175e-02 -6.7701464038e-02 -6.7701463914e-02
6.5500000000e+00  -6.7700971813e-02 -6.7701464021e-02 -6.7701463913e-02
6.6000000000e+00  -6.7701028333e-02 -6.7701464006e-02 -6.7701463913e-02
6.6500000000e+00  -6.7701078599e-02 -6.7701463994e-02 -6.7701463913e-02
6.7000000000e+00  -6.7701123362e-02 -6.7701463983e-02 -6.7701463913e-02
6.7500000000e+00  -6.7701163273e-02 -6.7701463973e-02 -6.7701463913e-02
6.8000000000e+00  -6.7701198897e-02 -6.7701463965e-02 -6.7701463913e-02
6.8500000000e+00  -6.7701230729e-02 -6.7701463958e-02 -6.7701463913e-02
6.9000000000e+00  -6.7701259198e-02 -6.7701463952e-02 -6.7701463913e-02
6.9500000000e+00  -6.7701284681e-02 -6.7701463946e-02 -6.7701463913e-02
7.0000000000e+00  -6.7701307507e-02 -6.7701463941e-02 -6.7701463913e-02
7.0500000000e+00  -6.7701327963e-02 -6.7701463937e-02 -6.7701463913e-02
7.1000000000e+00  -6.7701346304e-02 -6.7701463933e-02 -6.7701463913e-02
7.1500000000e+00  -6.7701362750e-02 -6.7701463930e-02 -6.7701463913e-02
7.2000000000e+00  -6.7701377496e-02 -6.7701463927e-02 -6.7701463913e-02
7.2500000000e+00  -6.7701390715e-02 -6.7701463925e-02 -6.7701463913e-02
7.3000000000e+00  -6.7701402556e-02 -6.7701463922e-02 -6.7701463913e-02
7.3500000000e+00  -6.7701413153e-02 -6.7701463921e-02 -6.7701463913e-02
7.4000000000e+00  -6.7701422622e-02 -6.7701463919e-02 -6.7701463913e-02
7.4500000000e+00  -6.7701431065e-02 -6.7701463917e-02 -6.7701463913e-02
7.5000000000e+00  -6.7701438573e-02 -6.7701463916e-02 -6.7701463913e-02
7.5500000000e+00  -6.7701445224e-02 -6.7701463915e-02 -6.7701463913e-02
7.6000000000e+00  -6.7701451086e-02 -6.7701463914e-02 -6.7701463913e-02
7.6500000000e+00  -6.7701456220e-02 -6.7701463913e-02 -6.7701463913e-02
7.7000000000e+00  -6.7701460678e-02 -6.7701463912e-02 -6.7701463913e-02
7.7500000000e+00  -6.7701464503e-02 -6.7701463912e-02 -6.7701463912e-02
7.8000000000e+00  -6.7701467735e-02 -6.7701463911e-02 -6.7701463912e-02
7.8500000000e+00  -6.7701470403e-02 -6.7701463911e-02 -6.7701463912e-02
7.9000000000e+00  -6.7701472535e-02 -6.7701463910e-02 -6.7701463912e-02
7.9500000000e+00  -6.7701474150e-02 -6.7701463910e-02 -6.7701463912e-02
8.0000000000e+00  -6.7701475265e-02 -6.7701463910e-02 -6.7701463912e-02
8.0500000000e+00  -6.7701475889e-02 -6.7701463910e-02 -6.7701463912e-02
8.1000000000e+00  -6.7701476030e-02 -6.7701463910e-02 -6.7701463912e-02
8.1500000000e+00  -6.7701475688e-02 -6.7701463910e-02 -6.7701463912e-02
8.2000000000e+00  -6.7701474860e-02 -6.7701463910e-02 -6.7701463912e-02
8.2500000000e+00  -6.7701473538e-02 -6.7701463910e-02 -6.7701463912e-02
8.3000000000e+00  -6.7701471709e-02 -6.7701463910e-02 -6.7701463912e-02
8.3500000000e+00  -6.7701469356e-02 -6.7701463911e-02 -6.7701463912e-02
8.4000000000e+00  -6.7701466456e-02 -6.7701463911e-02 -6.7701463912e-02
8.4500000000e+00  -6.7701462981e-02 -6.7701463912e-02 -6.7701463913e-02
8.5000000000e+00  -6.7701458897e-02 -6.7701463913e-02 -6.7701463913e-02
8.5500000000e+00  -6.7701454163e-02 -6.7701463913e-02 -6.7701463913e-02
8.6000000000e+00  -6.7701448732e-02 -6.7701463914e-02 -6.7701463913e-02
8.6500000000e+00  -6.7701442548e-02 -6.7701463915e-02 -6.7701463913e-02
8.7000000000e+00  -6.7701435549e-02 -6.7701463917e-02 -6.7701463913e-02
8.7500000000e+00  -6.7701427661e-02 -6.7701463918e-02 -6.7701463913e-02
8.8000000000e+00  -6.7701418801e-02 -6.7701463920e-02 -6.7701463913e-02
8.8500000000e+00  -6.7701408875e-02 -6.7701463921e-02 -6.7701463913e-02
8.9000000000e+00  -6.7701397774e-02 -6.7701463923e-02 -6.7701463913e-02
8.9500000000e+00  -6.7701385375e-02 -6.7701463926e-02 -6.7701463913e-02
9.0000000000e+00  -6.7701371538e-02 -6.7701463928e-02 -6.7701463913e-02
9.0500000000e+00  -6.7701356104e-02 -6.7701463931e-02 -6.7701463913e-02
9.1000000000e+00  -6.7701338893e-02 -6.7701463935e-02 -6.7701463913e-02
9.1500000000e+00  -6.7701319698e-02 -6.7701463939e-02 -6.7701463913e-02
9.2000000000e+00  -6.7701298286e-02 -6.7701463943e-02 -6.7701463913e-02
9.2500000000e+00  -6.7701274389e-02 -6.7701463948e-02 -6.7701463913e-02
9.3000000000e+00  -6.7701247702e-02 -6.7701463954e-02 -6.7701463913e-02
9.3500000000e+00  -6.7701217878e-02 -6.7701463961e-02 -6.7701463913e-02
9.4000000000e+00  -6.7701184520e-02 -6.7701463968e-02 -6.7701463913e-02
9.4500000000e+00  -6.7701147171e-02 -6.7701463977e-02 -6.7701463913e-02
9.5000000000e+00  -6.7701105309e-02 -6.7701463987e-02 -6.7701463913e-02
9.5500000000e+00  -6.7701058334e-02 -6.7701463999e-02 -6.7701463913e-02
9.6000000000e+00  -6.7701005555e-02 -6.7701464012e-02 -6.7701463913e-02
9.6500000000e+00  -6.7700946177e-02 -6.7701464028e-02 -6.7701463914e-02
9.7000000000e+00  -6.7700879281e-02 -6.7701464045e-02 -6.7701463914e-02
9.7500000000e+00  -6.7700803804e-02 -6.7701464066e-02 -6.7701463914e-02
9.8000000000e+00  -6.7700718512e-02 -6.7701464090e-02 -6.7701463915e-02
9.8500000000e+00  -6.7700621975e-02 -6.7701464118e-02 -6.7701463915e-02
9.9000000000e+00  -6.7700512525e-02 -6.7701464151e-02 -6.7701463916e-02
9.9500000000e+00  -6.7700388218e-02 -6.7701464189e-02 -6.7701463917e-02
1.0000000000e+01  -6.7700246781e-02 -6.7701464235e-02 -6.7701463918e-02
1.0050000000e+01  -6.7700085547e-02 -6.7701464287e-02 -6.7701463919e-02
1.0100000000e+01  -6.7699901384e-02 -6.7701464350e-02 -6.7701463921e-02
1.0150000000e+01  -6.7699690602e-02 -6.7701464424e-02 -6.7701463923e-02
1.0200000000e+01  -6.7699448841e-02 -6.7701464512e-02 -6.7701463926e-02
1.0250000000e+01  -6.7699170937e-02 -6.7701464616e-02 -6.7701463930e-02
1.0300000000e+01  -6.7698850752e-02 -6.7701464741e-02 -6.7701463935e-02
1.0350000000e+01  -6.7698480973e-02 -6.7701464891e-02 -6.7701463941e-02
1.0400000000e+01  -6.7698052856e-02 -6.7701465071e-02 -6.7701463950e-02
1.0450000000e+01  -6.7697555911e-02 -6.7701465288e-02 -6.7701463961e-02
1.0500000000e+01  -6.7696977510e-02 -6.7701465552e-02 -6.7701463976e-02
1.0550000000e+01  -6.7696302394e-02 -6.7701465873e-02 -6.7701463997e-02
1.0600000000e+01  -6.7695512053e-02 -6.7701466265e-02 -6.7701464024e-02
1.0650000000e+01  -6.7694583942e-02 -6.7701466747e-02 -6.7701464061e-02
1.0700000000e+01  -6.7693490480e-02 -6.7701467343e-02 -6.7701464110e-02
1.0750000000e+01  -6.7692197768e-02 -6.7701468083e-02 -6.7701464178e-02
1.0800000000e+01  -6.7690663940e-02 -6.7701469008e-02 -6.7701464272e-02
1.0850000000e+01  -6.7688837016e-02 -6.7701470170e-02 -6.7701464401e-02
1.0900000000e+01  -6.7686652095e-02 -6.7701471641e-02 -6.7701464582e-02
1.0950000000e+01  -6.7684027661e-02 -6.7701473518e-02 -6.7701464834e-02
1.1000000000e+01  -6.7680860655e-02 -6.7701475929e-02 -6.7701465191e-02
1.1050000000e+01  -6.7677019880e-02 -6.7701479054e-02 -6.7701465699e-02
1.1100000000e+01  -6.7672337054e-02 -6.7701483143e-02 -6.7701466429e-02
1.1150000000e+01  -6.7666594547e-02 -6.7701488547e-02 -6.7701467487e-02
1.1200000000e+01  -6.7659508408e-02 -6.7701495766e-02 -6.7701469034e-02
1.1250000000e+01  -6.7650704542e-02 -6.7701505525e-02 -6.7701471319e-02
1.1300000000e+01  -6.7639684849e-02 -6.7701518889e-02 -6.7701474732e-02
1.1350000000e+01  -6.7625778410e-02 -6.7701537449e-02 -6.7701479889e-02
1.1400000000e+01  -6.7608070010e-02 -6.7701563622e-02 -6.7701487779e-02
1.1450000000e+01  -6.7585293788e-02 -6.7701601145e-02 -6.7701500014e-02
1.1500000000e+01  -6.7555672263e-02 -6.7701655911e-02 -6.7701519266e-02
1.1550000000e+01  -6.7516668293e-02 -6.7701737399e-02 -6.7701550035e-02
1.1600000000e+01  -6.7464596004e-02 -6.7701861154e-02 -6.7701600046e-02
1.1650000000e+01  -6.7394000014e-02 -6.7702053163e-02 -6.7701682791e-02
1.1700000000e+01  -6.7296650937e-02 -6.7702357559e-02 -6.7701822214e-02
1.1750000000e+01  -6.7159909530e-02 -6.7702849840e-02 -6.7702061283e-02
1.1800000000e+01  -6.6964095106e-02 -6.7703657352e-02 -6.7702476865e-02
1.1850000000e+01  -6.6678513471e-02 -6.7704979268e-02 -6.7703200949e-02
1.1900000000e+01  -6.6256834285e-02 -6.7707038045e-02 -6.7704424309e-02
1.1950000000e+01  -6.5638958835e-02 -6.7709565086e-02 -6.7706210343e-02
1.2000000000e+01  -6.4800618696e-02 -6.7708644233e-02 -6.7707096891e-02
1.2050000000e+01  -6.4071841854e-02 -6.7679100097e-02 -6.7695688784e-02
1.2100000000e+01  -6.5923911470e-02 -6.7486786149e-02 -6.7606571524e-02
1.2150000000e+01  -8.4259192539e-02 -6.6807021019e-02 -6.7259166221e-02
1.2200000000e+01  -1.6575061988e-01 -7.4648881115e-02 -7.1780201411e-02
1.2250000000e+01  -3.6261716230e-02 -1.0143566505e-01 -1.1181357259e-01
1.2300000000e+01  -1.7165374954e-01 -1.5059270632e-01 -1.4676633958e-01
1.2350000000e+01  -1.7810050245e-01 -1.0801187255e-01 -1.0695679040e-01
1.2400000000e+01  -1.1542794404e-01 -1.0500695791e-01 -1.0536210989e-01
1.2450000000e+01  -1.0316066066e-01 -1.0556992612e-01 -1.0565043675e-01
1.2500000000e+01  -1.0226610037e-01 -1.0570303615e-01 -1.0571261700e-01
1.2550000000e+01  -1.0305088814e-01 -1.0572216455e-01 -1.0571983867e-01
1.2600000000e+01  -1.0382575660e-01 -1.0572180352e-01 -1.0571865264e-01
1.2650000000e+01  -1.0438574133e-01 -1.0571937992e-01 -1.0571702910e-01
1.2700000000e+01  -1.0476768110e-01 -1.0571752747e-01 -1.0571594145e-01
1.2750000000e+01  -1.0502745107e-01 -1.0571634782e-01 -1.0571529468e-01
1.2800000000e+01  -1.0520656404e-01 -1.0571562499e-01 -1.0571491931e-01
1.2850000000e+01  -1.0533237353e-01 -1.0571518159e-01 -1.0571470053e-01
1.2900000000e+01  -1.0542245488e-01 -1.0571490550e-01 -1.0571457119e-01
1.2950000000e+01  -1.0548814393e-01 -1.0571473015e-01 -1.0571449338e-01
1.3000000000e+01  -1.0553685749e-01 -1.0571461640e-01 -1.0571444571e-01
1.3050000000e+01  -1.0557353621e-01 -1.0571454107e-01 -1.0571441600e-01
1.3100000000e+01  -1.0560153375e-01 -1.0571449016e-01 -1.0571439717e-01
1.3150000000e+01  -1.0562316879e-01 -1.0571445512e-01 -1.0571438505e-01
1.3200000000e+01  -1.0564007255e-01 -1.0571443057e-01 -1.0571437713e-01
1.3250000000e+01  -1.0565341139e-01 -1.0571441309e-01 -1.0571437190e-01
1.3300000000e+01  -1.0566403183e-01 -1.0571440045e-01 -1.0571436840e-01
1.3350000000e+01  -1.0567255678e-01 -1.0571439119e-01 -1.0571436602e-01
1.3400000000e+01  -1.0567945043e-01 -1.0571438432e-01 -1.0571436440e-01
1.3450000000e+01  -1.0568506265e-01 -1.0571437916e-01 -1.0571436328e-01
1.3500000000e+01  -1.0568966003e-01 -1.0571437525e-01 -1.0571436249e-01
1.3550000000e+01  -1.0569344760e-01 -1.0571437225e-01 -1.0571436194e-01
1.3600000000e+01  -1.0569658450e-01 -1.0571436992e-01 -1.0571436155e-01
1.3650000000e+01  -1.0569919527e-01 -1.0571436811e-01 -1.0571436127e-01
1.3700000000e+01  -1.0570137808e-01 -1.0571436668e-01 -1.0571436107e-01
1.3750000000e+01  -1.0570321089e-01 -1.0571436555e-01 -1.0571436093e-01
1.3800000000e+01  -1.0570475598e-01 -1.0571436465e-01 -1.0571436082e-01
1.3850000000e+01  -1.0570606343e-01 -1.0571436393e-01 -1.0571436074e-01
1.3900000000e+01  -1.0570717374e-01 -1.0571436334e-01 -1.0571436068e-01
1.3950000000e+01  -1.0570811979e-01 -1.0571436287e-01 -1.0571436064e-01
1.4000000000e+01  -1.0570892847e-01 -1.0571436248e-01 -1.0571436061e-01
1.4050000000e+01  -1.0570962181e-01 -1.0571436216e-01 -1.0571436059e-01
1.4100000000e+01  -1.0571021798e-01 -1.0571436190e-01 -1.0571436057e-01
1.4150000000e+01  -1.0571073201e-01 -1.0571436169e-01 -1.0571436055e-01
1.4200000000e+01  -1.0571117639e-01 -1.0571436151e-01 -1.0571436054e-01
1.4250000000e+01  -1.0571156152e-01 -1.0571436136e-01 -1.0571436054e-01
1.4300000000e+01  -1.0571189611e-01 -1.0571436123e-01 -1.0571436053e-01
1.4350000000e+01  -1.0571218746e-01 -1.0571436113e-01 -1.0571436053e-01
1.4400000000e+01  -1.0571244172e-01 -1.0571436104e-01 -1.0571436052e-01
1.4450000000e+01  -1.0571266410e-01 -1.0571436096e-01 -1.0571436052e-01
1.4500000000e+01  -1.0571285898e-01 -1.0571436090e-01 -1.0571436052e-01
1.4550000000e+01  -1.0571303012e-01 -1.0571436084e-01 -1.0571436051e-01
1.4600000000e+01  -1.0571318068e-01 -1.0571436080e-01 -1.0571436051e-01
1.4650000000e+01  -1.0571331339e-01 -1.0571436076e-01 -1.0571436051e-01
1.4700000000e+01  -1.0571343057e-01 -1.0571436072e-01 -1.0571436051e-01
1.4750000000e+01  -1.0571353421e-01 -1.0571436070e-01 -1.0571436051e-01
1.4800000000e+01  -1.0571362604e-01 -1.0571436067e-01 -1.0571436051e-01
1.4850000000e+01  -1.0571370752e-01 -1.0571436065e-01 -1.0571436051e-01
1.4900000000e+01  -1.0571377993e-01 -1.0571436063e-01 -1.0571436051e-01
1.4950000000e+01  -1.0571384438e-01 -1.0571436061e-01 -1.0571436051e-01
1.5000000000e+01  -1.0571390182e-01 -1.0571436060e-01 -1.0571436051e-01
1.5050000000e+01  -1.0571395308e-01 -1.0571436059e-01 -1.0571436051e-01
1.5100000000e+01  -1.0571399889e-01 -1.0571436058e-01 -1.0571436051e-01
1.5150000000e+01  -1.0571403988e-01 -1.0571436057e-01 -1.0571436051e-01
1.5200000000e+01  -1.0571407659e-01 -1.0571436056e-01 -1.0571436051e-01
1.5250000000e+01  -1.0571410951e-01 -1.0571436055e-01 -1.0571436051e-01
1.5300000000e+01  -1.0571413906e-01 -1.0571436055e-01 -1.0571436051e-01
1.5350000000e+01  -1.0571416560e-01 -1.0571436054e-01 -1.0571436051e-01
1.5400000000e+01  -1.0571418947e-01 -1.0571436054e-01 -1.0571436051e-01
1.5450000000e+01  -1.0571421094e-01 -1.0571436053e-01 -1.0571436051e-01
1.5500000000e+01  -1.0571423027e-01 -1.0571436053e-01 -1.0571436051e-01
1.5550000000e+01  -1.0571424769e-01 -1.0571436053e-01 -1.0571436051e-01
1.5600000000e+01  -1.0571426338e-01 -1.0571436052e-01 -1.0571436051e-01
1.5650000000e+01  -1.0571427751e-01 -1.0571436052e-01 -1.0571436051e-01
1.5700000000e+01  -1.0571429025e-01 -1.0571436052e-01 -1.0571436051e-01
1.5750000000e+01  -1.0571430173e-01 -1.0571436052e-01 -1.0571436051e-01
1.5800000000e+01  -1.0571431206e-01 -1.0571436051e-01 -1.0571436051e-01
1.5850000000e+01  -1.0571432135e-01 -1.0571436051e-01 -1.0571436051e-01
1.5900000000e+01  -1.0571432969e-01 -1.0571436051e-01 -1.0571436051e-01
1.5950000000e+01  -1.0571433717e-01 -1.0571436051e-01 -1.0571436051e-01
1.6000000000e+01  -1.0571434387e-01 -1.0571436051e-01 -1.0571436051e-01
1.6050000000e+01  -1.0571434983e-01 -1.0571436051e-01 -1.0571436051e-01
1.6100000000e+01  -1.0571435513e-01 -1.0571436051e-01 -1.0571436051e-01
1.6150000000e+01  -1.0571435980e-01 -1.0571436051e-01 -1.0571436051e-01
1.6200000000e+01  -1.0571436390e-01 -1.0571436051e-01 -1.0571436051e-01
1.6250000000e+01  -1.0571436746e-01 -1.0571436051e-01 -1.0571436051e-01
1.6300000000e+01  -1.0571437051e-01 -1.0571436051e-01 -1.0571436051e-01
1.6350000000e+01  -1.0571437308e-01 -1.0571436050e-01 -1.0571436051e-01
1.6400000000e+01  -1.0571437519e-01 -1.0571436050e-01 -1.0571436051e-01
1.6450000000e+01  -1.0571437686e-01 -1.0571436050e-01 -1.0571436051e-01
1.6500000000e+01  -1.0571437811e-01 -1.0571436050e-01 -1.0571436051e-01
1.6550000000e+01  -1.0571437895e-01 -1.0571436050e-01 -1.0571436051e-01
1.6600000000e+01  -1.0571437938e-01 -1.0571436050e-01 -1.0571436051e-01
1.6650000000e+01  -1.0571437941e-01 -1.0571436050e-01 -1.0571436051e-01
1.6700000000e+01  -1.0571437904e-01 -1.0571436050e-01 -1.0571436051e-01
1.6750000000e+01  -1.0571437826e-01 -1.0571436050e-01 -1.0571436051e-01
1.6800000000e+01  -1.0571437707e-01 -1.0571436050e-01 -1.0571436051e-01
1.6850000000e+01  -1.0571437546e-01 -1.0571436050e-01 -1.0571436051e-01
1.6900000000e+01  -1.0571437341e-01 -1.0571436050e-01 -1.0571436051e-01
1.6950000000e+01  -1.0571437090e-01 -1.0571436051e-01 -1.0571436051e-01
1.7000000000e+01  -1.0571436792e-01 -1.0571436051e-01 -1.0571436051e-01
1.7050000000e+01  -1.0571436444e-01 -1.0571436051e-01 -1.0571436051e-01
1.7100000000e+01  -1.0571436042e-01 -1.0571436051e-01 -1.0571436051e-01
1.7150000000e+01  -1.0571435583e-01 -1.0571436051e-01 -1.0571436051e-01
1.7200000000e+01  -1.0571435063e-01 -1.0571436051e-01 -1.0571436051e-01
1.7250000000e+01  -1.0571434477e-01 -1.0571436051e-01 -1.0571436051e-01
1.7300000000e+01  -1.0571433818e-01 -1.0571436051e-01 -1.0571436051e-01
1.7350000000e+01  -1.0571433082e-01 -1.0571436051e-01 -1.0571436051e-01
1.7400000000e+01  -1.0571432260e-01 -1.0571436051e-01 -1.0571436051e-01
1.7450000000e+01  -1.0571431345e-01 -1.0571436051e-01 -1.0571436051e-01
1.7500000000e+01  -1.0571430328e-01 -1.0571436052e-01 -1.0571436051e-01
1.7550000000e+01  -1.0571429197e-01 -1.0571436052e-01 -1.0571436051e-01
1.7600000000e+01  -1.0571427943e-01 -1.0571436052e-01 -1.0571436051e-01
1.7650000000e+01  -1.0571426550e-01 -1.0571436052e-01 -1.0571436051e-01
1.7700000000e+01  -1.0571425004e-01 -1.0571436053e-01 -1.0571436051e-01
1.7750000000e+01  -1.0571423289e-01 -1.0571436053e-01 -1.0571436051e-01
1.7800000000e+01  -1.0571421384e-01 -1.0571436053e-01 -1.0571436051e-01
1.7850000000e+01  -1.0571419269e-01 -1.0571436054e-01 -1.0571436051e-01
1.7900000000e+01  -1.0571416918e-01 -1.0571436054e-01 -1.0571436051e-01
1.7950000000e+01  -1.0571414304e-01 -1.0571436055e-01 -1.0571436051e-01
1.8000000000e+01  -1.0571411395e-01 -1.0571436055e-01 -1.0571436051e-01
1.8050000000e+01  -1.0571408154e-01 -1.0571436056e-01 -1.0571436051e-01
1.8100000000e+01  -1.0571404540e-01 -1.0571436057e-01 -1.0571436051e-01
1.8150000000e+01  -1.0571400506e-01 -1.0571436058e-01 -1.0571436051e-01
1.8200000000e+01  -1.0571395998e-01 -1.0571436059e-01 -1.0571436051e-01
1.8250000000e+01  -1.0571390954e-01 -1.0571436060e-01 -1.0571436051e-01
1.8300000000e+01  -1.0571385304e-01 -1.0571436061e-01 -1.0571436051e-01
1.8350000000e+01  -1.0571378965e-01 -1.0571436063e-01 -1.0571436051e-01
1.8400000000e+01  -1.0571371844e-01 -1.0571436065e-01 -1.0571436051e-01
1.8450000000e+01  -1.0571363834e-01 -1.0571436067e-01 -1.0571436051e-01
1.8500000000e+01  -1.0571354809e-01 -1.0571436069e-01 -1.0571436051e-01
1.8550000000e+01  -1.0571344624e-01 -1.0571436072e-01 -1.0571436051e-01
1.8600000000e+01  -1.0571333112e-01 -1.0571436075e-01 -1.0571436051e-01
1.8650000000e+01  -1.0571320077e-01 -1.0571436079e-01 -1.0571436051e-01
1.8700000000e+01  -1.0571305293e-01 -1.0571436084e-01 -1.0571436051e-01
1.8750000000e+01  -1.0571288493e-01 -1.0571436089e-01 -1.0571436052e-01
1.8800000000e+01  -1.0571269367e-01 -1.0571436095e-01 -1.0571436052e-01
1.8850000000e+01  -1.0571247550e-01 -1.0571436103e-01 -1.0571436052e-01
1.8900000000e+01  -1.0571222611e-01 -1.0571436111e-01 -1.0571436052e-01
1.8950000000e+01  -1.0571194044e-01 -1.0571436121e-01 -1.0571436053e-01
1.9000000000e+01  -1.0571161248e-01 -1.0571436134e-01 -1.0571436054e-01
1.9050000000e+01  -1.0571123511e-01 -1.0571436148e-01 -1.0571436054e-01
1.9100000000e+01  -1.0571079984e-01 -1.0571436166e-01 -1.0571436055e-01
1.9150000000e+01  -1.0571029652e-01 -1.0571436187e-01 -1.0571436057e-01
1.9200000000e+01  -1.0570971300e-01 -1.0571436212e-01 -1.0571436058e-01
1.9250000000e+01  -1.0570903464e-01 -1.0571436243e-01 -1.0571436061e-01
1.9300000000e+01  -1.0570824378e-01 -1.0571436281e-01 -1.0571436064e-01
1.9350000000e+01  -1.0570731898e-01 -1.0571436327e-01 -1.0571436068e-01
1.9400000000e+01  -1.0570623413e-01 -1.0571436384e-01 -1.0571436073e-01
1.9450000000e+01  -1.0570495727e-01 -1.0571436454e-01 -1.0571436081e-01
1.9500000000e+01  -1.0570344913e-01 -1.0571436541e-01 -1.0571436091e-01
1.9550000000e+01  -1.0570166114e-01 -1.0571436650e-01 -1.0571436105e-01
1.9600000000e+01  -1.0569953297e-01 -1.0571436788e-01 -1.0571436124e-01
1.9650000000e+01  -1.0569698915e-01 -1.0571436963e-01 -1.0571436151e-01
1.9700000000e+01  -1.0569393475e-01 -1.0571437188e-01 -1.0571436188e-01
1.9750000000e+01  -1.0569024946e-01 -1.0571437477e-01 -1.0571436240e-01
1.9800000000e+01  -1.0568577975e-01 -1.0571437853e-01 -1.0571436315e-01
1.9850000000e+01  -1.0568032797e-01 -1.0571438349e-01 -1.0571436421e-01
1.9900000000e+01  -1.0567363758e-01 -1.0571439008e-01 -1.0571436575e-01
1.9950000000e+01  -1.0566537230e-01 -1.0571439894e-01 -1.0571436800e-01
2.0000000000e+01  -1.0565508672e-01 -1.0571441102e-01 -1.0571437131e-01
