0  0
0.2  -1.91749e-05
0.4  -2.6247e-05
0.6  -2.66813e-05
0.8  -2.52303e-05
1  -2.36369e-05
1.2  -2.24068e-05
1.4  -2.16924e-05
1.6  -2.14406e-05
1.8  -2.14826e-05
2  -2.16534e-05
2.2  -2.18471e-05
2.4  -2.20059e-05
2.6  -2.20978e-05
2.8  -2.21065e-05
3  -2.20305e-05
3.2  -2.18832e-05
3.4  -2.1693e-05
3.6  -2.15109e-05
3.8  -2.14315e-05
4  -2.16091e-05
4.2  -2.22206e-05
4.4  -2.33519e-05
4.6  -2.48963e-05
4.8  -2.64526e-05
5  -2.66614e-05
5.2  -2.14628e-05
5.4  -4.80348e-06
5.6  1.99351e-05
5.8  3.20505e-05
6  2.15462e-05
6.2  4.36199e-06
6.4  -6.88295e-06
6.6  -1.24193e-05
6.8  -1.51471e-05
7  -1.65494e-05
7.2  -1.71635e-05
7.4  -1.71724e-05
7.6  -1.65787e-05
7.8  -1.52062e-05
8  -1.25345e-05
8.2  -7.12312e-06
8.4  3.90303e-06
8.6  2.10091e-05
8.8  3.2029e-05
9  2.06236e-05
9.2  -4.08802e-06
9.4  -2.11439e-05
9.6  -2.66123e-05
9.8  -2.64912e-05
10  -2.49477e-05
10.2  -2.33946e-05
10.4  -2.22479e-05
10.6  -2.16207e-05
10.8  -2.14322e-05
11  -2.15063e-05
11.2  -2.16869e-05
11.4  -2.18777e-05
11.6  -2.20269e-05
11.8  -2.21054e-05
12  -2.20993e-05
12.2  -2.20099e-05
12.4  -2.18528e-05
12.6  -2.16595e-05
12.8  -2.14867e-05
13  -2.14385e-05
13.2  -2.16783e-05
13.4  -2.23767e-05
13.6  -2.35919e-05
13.8  -2.51789e-05
14  -2.66498e-05
14.2  -2.63262e-05
14.4  -1.95608e-05
14.6  -7.61045e-07
14.8  2.35373e-05
15  3.16356e-05
15.2  1.85411e-05
15.4  1.92669e-06
15.6  -8.13757e-06
15.8  -1.30228e-05
16  -1.54575e-05
16.2  -1.67018e-05
16.4  -1.72057e-05
16.6  -1.71162e-05
16.8  -1.64083e-05
17  -1.48663e-05
17.2  -1.18688e-05
17.4  -5.7325e-06
17.6  6.51005e-06
17.8  2.38826e-05
18  3.184e-05
18.2  1.66882e-05
18.4  -7.89534e-06
18.6  -2.27554e-05
18.8  -2.68242e-05
19  -2.62666e-05
19.2  -2.46666e-05
19.4  -2.31647e-05
19.6  -2.21045e-05
19.8  -2.15621e-05
20  -2.14313e-05
20.2  -2.15329e-05
20.4  -2.17205e-05
20.6  -2.19071e-05
20.8  -2.20458e-05
21  -2.21105e-05
21.2  -2.20898e-05
21.4  -2.19873e-05
21.6  -2.18213e-05
21.8  -2.16265e-05
22  -2.14659e-05
22.2  -2.14538e-05
22.4  -2.17612e-05
22.6  -2.25483e-05
22.8  -2.38434e-05
23  -2.54605e-05
23.2  -2.68026e-05
23.4  -2.58115e-05
23.6  -1.7281e-05
23.8  3.49621e-06
24  2.6618e-05
24.2  3.05346e-05
24.4  1.54686e-05
24.6  -2.89197e-07
24.8  -9.24254e-06
25  -1.35594e-05
25.2  -1.57351e-05
25.4  -1.68333e-05
25.6  -1.72311e-05
25.8  -1.70425e-05
26  -1.62145e-05
26.2  -1.44866e-05
26.4  -1.11167e-05
26.6  -4.15935e-06
26.8  9.30636e-06
27  2.64927e-05
27.2  3.08892e-05
27.4  1.24696e-05
27.6  -1.13622e-05
27.8  -2.40409e-05
28  -2.69115e-05
28.2  -2.60175e-05
28.4  -2.43897e-05
28.6  -2.29482e-05
28.8  -2.19766e-05
29  -2.15155e-05
29.2  -2.14369e-05
29.4  -2.15619e-05
29.6  -2.1754e-05
29.8  -2.1935e-05
30  -2.20626e-05
30.2  -2.21131e-05
30.4  -2.20778e-05
30.6  -2.19627e-05
30.8  -2.17889e-05
31  -2.15944e-05
31.2  -2.14492e-05
31.4  -2.14784e-05
31.6  -2.18582e-05
31.8  -2.27352e-05
32  -2.41049e-05
32.2  -2.57369e-05
32.4  -2.68963e-05
32.6  -2.50823e-05
32.8  -1.46079e-05
33  7.86795e-06
33.2  2.90705e-05
33.4  2.88301e-05
33.6  1.24184e-05
33.8  -2.28509e-06
34  -1.02156e-05
34.2  -1.40376e-05
34.4  -1.59829e-05
34.6  -1.69451e-05
34.8  -1.72398e-05
35  -1.69506e-05
35.2  -1.59955e-05
35.4  -1.40621e-05
35.6  -1.0265e-05
35.8  -2.3873e-06
36  1.22549e-05
36.2  2.87222e-05
36.4  2.91839e-05
36.6  8.10634e-06
36.8  -1.44514e-05
37  -2.50359e-05
37.2  -2.68994e-05
37.4  -2.57517e-05
37.6  -2.41194e-05
37.8  -2.27457e-05
38  -2.18639e-05
38.2  -2.14801e-05
38.4  -2.14484e-05
38.6  -2.15926e-05
38.8  -2.17871e-05
39  -2.19614e-05
39.2  -2.2077e-05
39.4  -2.21132e-05
39.6  -2.20634e-05
39.8  -2.19365e-05
40  -2.17558e-05
40.2  -2.15635e-05
40.4  -2.14374e-05
40.6  -2.15133e-05
40.8  -2.19701e-05
41  -2.29368e-05
41.2  -2.43749e-05
41.4  -2.60034e-05
41.6  -2.69132e-05
41.8  -2.4102e-05
42  -1.15399e-05
42.2  1.22351e-05
42.4  3.08157e-05
42.6  2.66246e-05
42.8  9.46297e-06
43  -4.06837e-06
43.2  -1.10732e-05
43.4  -1.44648e-05
43.6  -1.62033e-05
43.8  -1.7038e-05
44  -1.7232e-05
44.2  -1.68399e-05
44.4  -1.57493e-05
44.6  -1.35868e-05
44.8  -9.29863e-06
45  -4.03211e-07
45.2  1.53017e-05
45.4  3.04567e-05
45.6  2.67681e-05
45.8  3.73163e-06
46  -1.71461e-05
46.2  -2.57777e-05
46.4  -2.68094e-05
46.6  -2.54757e-05
46.8  -2.38574e-05
47  -2.25581e-05
47.2  -2.17661e-05
47.4  -2.1455e-05
47.6  -2.14649e-05
47.8  -2.16247e-05
48  -2.18195e-05
48.2  -2.1986e-05
48.4  -2.20892e-05
48.6  -2.21107e-05
48.8  -2.20468e-05
49  -2.19087e-05
49.2  -2.17223e-05
49.4  -2.15345e-05
49.6  -2.14314e-05
49.8  -2.15592e-05
50  -2.20971e-05
50.2  -2.31526e-05
50.4  -2.46514e-05
50.6  -2.62537e-05
50.8  -2.68319e-05
51  -2.28333e-05
51.2  -8.09277e-06
51.4  1.64652e-05
51.6  3.18081e-05
51.8  2.40322e-05
52  6.65728e-06
52.2  -5.65194e-06
52.4  -1.18303e-05
52.6  -1.48468e-05
52.8  -1.63984e-05
53  -1.71127e-05
53.2  -1.72075e-05
53.4  -1.67095e-05
53.6  -1.54735e-05
53.8  -1.30536e-05
54  -8.2013e-06
54.2  1.80064e-06
54.4  1.8375e-05
54.6  3.15928e-05
54.8  2.3719e-05
55  -5.34617e-07
55.2  -1.9447e-05
55.4  -2.63033e-05
55.6  -2.66594e-05
55.8  -2.51943e-05
56  -2.36054e-05
56.2  -2.23857e-05
56.4  -2.16825e-05
56.6  -2.14392e-05
56.8  -2.14855e-05
57  -2.16577e-05
57.2  -2.18511e-05
57.4  -2.20087e-05
57.6  -2.20989e-05
57.8  -2.21057e-05
58  -2.2028e-05
58.2  -2.18794e-05
58.4  -2.16887e-05
58.6  -2.15077e-05
58.8  -2.1432e-05
59  -2.16173e-05
59.2  -2.22397e-05
59.4  -2.33818e-05
59.6  -2.49324e-05
59.8  -2.64798e-05
60  -2.66275e-05
60.2  -2.12404e-05
60.4  -4.30264e-06
60.6  2.04195e-05
60.8  3.20379e-05
61  2.117e-05
61.2  4.03928e-06
61.4  -7.05203e-06
61.6  -1.25004e-05
61.8  -1.51887e-05
62  -1.65701e-05
62.2  -1.71699e-05
62.4  -1.71663e-05
62.6  -1.65583e-05
62.8  -1.51649e-05
63  -1.2454e-05
63.2  -6.95527e-06
63.4  4.2242e-06
63.6  2.13864e-05
63.8  3.20466e-05
64  2.0142e-05
64.2  -4.59095e-06
64.4  -2.13689e-05
64.6  -2.66473e-05
64.8  -2.64643e-05
65  -2.49117e-05
65.2  -2.33646e-05
65.4  -2.22287e-05
65.6  -2.16126e-05
65.8  -2.14317e-05
66  -2.15096e-05
66.2  -2.16912e-05
66.4  -2.18816e-05
66.6  -2.20295e-05
66.8  -2.21062e-05
67  -2.20983e-05
67.2  -2.20071e-05
67.4  -2.18488e-05
67.6  -2.16553e-05
67.8  -2.14838e-05
68  -2.144e-05
68.2  -2.16882e-05
68.4  -2.23978e-05
68.6  -2.36234e-05
68.8  -2.5215e-05
69  -2.66721e-05
69.2  -2.62713e-05
69.4  -1.92915e-05
69.6  -2.27946e-07
69.8  2.39618e-05
70  3.15318e-05
70.2  1.81507e-05
70.4  1.6316e-06
70.6  -8.28655e-06
70.8  -1.30948e-05
71  -1.54948e-05
71.2  -1.67198e-05
71.4  -1.72099e-05
71.6  -1.71078e-05
71.8  -1.63849e-05
72  -1.48202e-05
72.2  -1.1778e-05
72.4  -5.54233e-06
72.6  6.85689e-06
72.8  2.42327e-05
73  3.17613e-05
73.2  1.61628e-05
73.4  -8.35767e-06
73.6  -2.29369e-05
73.8  -2.68417e-05
74  -2.62361e-05
74.2  -2.4631e-05
74.4  -2.31364e-05
74.6  -2.20873e-05
74.8  -2.15555e-05
75  -2.14317e-05
75.2  -2.15365e-05
75.4  -2.17248e-05
75.6  -2.19108e-05
75.8  -2.20481e-05
76  -2.2111e-05
76.2  -2.20884e-05
76.4  -2.19843e-05
76.6  -2.18172e-05
76.8  -2.16224e-05
77  -2.14635e-05
77.2  -2.14565e-05
77.4  -2.17728e-05
77.6  -2.25714e-05
77.8  -2.38763e-05
78  -2.54961e-05
78.2  -2.68182e-05
78.4  -2.57312e-05
78.6  -1.69621e-05
78.8  4.04992e-06
79  2.69678e-05
79.2  3.03487e-05
79.4  1.50765e-05
79.6  -5.5606e-07
79.8  -9.37372e-06
80  -1.36235e-05
80.2  -1.57684e-05
80.4  -1.68487e-05
80.6  -1.72332e-05
80.8  -1.70318e-05
81  -1.6188e-05
81.2  -1.44351e-05
81.4  -1.10139e-05
81.6  -3.94468e-06
81.8  9.67502e-06
82  2.68007e-05
82.2  3.0713e-05
82.4  1.1918e-05
82.6  -1.1778e-05
82.8  -2.41833e-05
83  -2.69151e-05
83.2  -2.59844e-05
83.4  -2.43549e-05
83.6  -2.29216e-05
83.8  -2.19614e-05
84  -2.15104e-05
84.2  -2.14382e-05
84.4  -2.15658e-05
84.6  -2.17583e-05
84.8  -2.19385e-05
85  -2.20646e-05
85.2  -2.21133e-05
85.4  -2.20761e-05
85.6  -2.19595e-05
85.8  -2.17847e-05
86  -2.15904e-05
86.2  -2.14474e-05
86.4  -2.14823e-05
86.6  -2.18717e-05
86.8  -2.27601e-05
87  -2.4139e-05
87.2  -2.57716e-05
87.4  -2.69032e-05
87.6  -2.4972e-05
87.8  -1.42383e-05
88  8.42805e-06
88.2  2.93338e-05
88.4  2.85742e-05
88.6  1.20347e-05
88.8  -2.52427e-06
89  -1.03311e-05
89.2  -1.40949e-05
89.4  -1.60125e-05
89.6  -1.6958e-05
89.8  -1.72398e-05
90  -1.69376e-05
90.2  -1.59657e-05
90.4  -1.40044e-05
90.6  -1.01484e-05
90.8  -2.14621e-06
91  1.26395e-05
91.2  2.89733e-05
91.4  2.89139e-05
91.6  7.54609e-06
91.8  -1.48174e-05
92  -2.51439e-05
92.2  -2.68919e-05
92.4  -2.5717e-05
92.6  -2.40855e-05
92.8  -2.2721e-05
93  -2.18507e-05
93.2  -2.14764e-05
93.4  -2.14503e-05
93.6  -2.15967e-05
93.8  -2.17913e-05
94  -2.19647e-05
94.2  -2.20788e-05
94.4  -2.2113e-05
94.6  -2.20615e-05
94.8  -2.19331e-05
95  -2.17516e-05
95.2  -2.15597e-05
95.4  -2.14364e-05
95.6  -2.15185e-05
95.8  -2.19855e-05
96  -2.29636e-05
96.2  -2.44099e-05
96.4  -2.60364e-05
96.6  -2.69088e-05
96.8  -2.3957e-05
97  -1.11207e-05
97.2  1.27853e-05
97.4  3.09848e-05
97.6  2.63128e-05
97.8  9.09565e-06
98  -4.28127e-06
98.2  -1.11751e-05
98.4  -1.45159e-05
98.6  -1.62296e-05
98.8  -1.70485e-05
99  -1.72299e-05
99.2  -1.68244e-05
99.4  -1.57159e-05
99.6  -1.35222e-05
99.8  -9.16631e-06
100  -1.34372e-07
100.2  1.5694e-05
100.4  3.06369e-05
100.6  2.64123e-05
100.8  3.17889e-06
101  -1.74614e-05
101.2  -2.58561e-05
101.4  -2.67933e-05
101.6  -2.544e-05
101.8  -2.38247e-05
102  -2.25353e-05
102.2  -2.17547e-05
102.4  -2.14525e-05
102.6  -2.14673e-05
102.8  -2.16289e-05
103  -2.18237e-05
103.2  -2.1989e-05
103.4  -2.20906e-05
103.6  -2.21103e-05
103.8  -2.20446e-05
104  -2.1905e-05
104.2  -2.17181e-05
104.4  -2.15309e-05
104.6  -2.14311e-05
104.8  -2.1566e-05
105  -2.21145e-05
105.2  -2.31812e-05
105.4  -2.46871e-05
105.6  -2.62841e-05
105.8  -2.68133e-05
106  -2.26488e-05
106.2  -7.62731e-06
106.4  1.69879e-05
106.6  3.18796e-05
106.8  2.36795e-05
107  6.31214e-06
107.2  -5.84047e-06
107.4  -1.19205e-05
107.6  -1.48926e-05
107.8  -1.64216e-05
108  -1.7121e-05
108.2  -1.72033e-05
108.4  -1.66914e-05
108.6  -1.5436e-05
108.8  -1.2981e-05
109  -8.05101e-06
109.2  2.09771e-06
109.4  1.87647e-05
109.6  3.16901e-05
109.8  2.32895e-05
110  -1.0658e-06
110.2  -1.97129e-05
110.4  -2.63566e-05
110.6  -2.66368e-05
110.8  -2.51583e-05
111  -2.3574e-05
111.2  -2.23648e-05
111.4  -2.16729e-05
111.6  -2.14378e-05
111.8  -2.14884e-05
112  -2.1662e-05
112.2  -2.18551e-05
112.4  -2.20115e-05
112.6  -2.21e-05
112.8  -2.2105e-05
113  -2.20255e-05
113.2  -2.18756e-05
113.4  -2.16845e-05
113.6  -2.15045e-05
113.8  -2.14326e-05
114  -2.16256e-05
114.2  -2.2259e-05
114.4  -2.3412e-05
114.6  -2.49684e-05
114.8  -2.65065e-05
115  -2.65912e-05
115.2  -2.10121e-05
115.4  -3.79713e-06
115.6  2.08971e-05
115.8  3.20133e-05
116  2.07912e-05
116.2  3.72001e-06
116.4  -7.21842e-06
116.6  -1.25802e-05
116.8  -1.52297e-05
117  -1.65904e-05
117.2  -1.7176e-05
117.4  -1.71598e-05
117.6  -1.65374e-05
117.8  -1.51231e-05
118  -1.23722e-05
118.2  -6.7847e-06
118.4  4.54879e-06
118.6  2.1761e-05
118.8  3.20521e-05
119  1.96539e-05
119.2  -5.08913e-06
119.4  -2.15881e-05
119.6  -2.66798e-05
119.8  -2.64368e-05
120  -2.48758e-05
120.2  -2.33348e-05
120.4  -2.22099e-05
120.6  -2.16047e-05
120.8  -2.14313e-05
121  -2.15129e-05
121.2  -2.16955e-05
121.4  -2.18854e-05
121.6  -2.2032e-05
121.8  -2.2107e-05
122  -2.20972e-05
122.2  -2.20044e-05
122.4  -2.18449e-05
122.6  -2.16511e-05
122.8  -2.14811e-05
123  -2.14417e-05
123.2  -2.16982e-05
123.4  -2.24191e-05
123.6  -2.36552e-05
123.8  -2.52511e-05
124  -2.66936e-05
124.2  -2.62134e-05
124.4  -1.90159e-05
124.6  3.08484e-07
124.8  2.43776e-05
125  3.14169e-05
125.2  1.77595e-05
125.4  1.34011e-06
125.6  -8.43313e-06
125.8  -1.31658e-05
126  -1.55315e-05
126.2  -1.67374e-05
126.4  -1.72139e-05
126.6  -1.70992e-05
126.8  -1.63612e-05
127  -1.47735e-05
127.2  -1.16857e-05
127.4  -5.34917e-06
127.6  7.20676e-06
127.8  2.45783e-05
128  3.16701e-05
128.2  1.5633e-05
128.4  -8.81434e-06
128.6  -2.31132e-05
128.8  -2.68573e-05
129  -2.62051e-05
129.2  -2.45955e-05
129.4  -2.31083e-05
129.6  -2.20705e-05
129.8  -2.15491e-05
130  -2.14322e-05
130.2  -2.15402e-05
130.4  -2.17291e-05
130.6  -2.19144e-05
130.8  -2.20504e-05
131  -2.21115e-05
131.2  -2.2087e-05
131.4  -2.19813e-05
131.6  -2.18132e-05
131.8  -2.16183e-05
132  -2.14613e-05
132.2  -2.14593e-05
132.4  -2.17846e-05
132.6  -2.25946e-05
132.8  -2.39093e-05
133  -2.55317e-05
133.2  -2.68329e-05
133.4  -2.56473e-05
133.6  -1.66367e-05
133.8  4.6053e-06
134  2.73071e-05
134.2  3.01531e-05
134.4  1.46849e-05
134.6  -8.19338e-07
134.8  -9.50278e-06
135  -1.36867e-05
135.2  -1.58012e-05
135.4  -1.68638e-05
135.6  -1.7235e-05
135.8  -1.70209e-05
136  -1.61612e-05
136.2  -1.43828e-05
136.4  -1.09095e-05
136.6  -3.72673e-06
136.8  1.00461e-05
137  2.71023e-05
137.2  3.05245e-05
137.4  1.13643e-05
137.6  -1.21875e-05
137.8  -2.4321e-05
138  -2.6917e-05
138.2  -2.5951e-05
138.4  -2.43201e-05
138.6  -2.28952e-05
138.8  -2.19465e-05
139  -2.15055e-05
139.2  -2.14394e-05
139.4  -2.15697e-05
139.6  -2.17626e-05
139.8  -2.1942e-05
140  -2.20666e-05
140.2  -2.21134e-05
140.4  -2.20744e-05
140.6  -2.19563e-05
140.8  -2.17806e-05
141  -2.15864e-05
141.2  -2.14458e-05
141.4  -2.14864e-05
141.6  -2.18854e-05
141.8  -2.27853e-05
142  -2.41731e-05
142.2  -2.58062e-05
142.4  -2.69088e-05
142.6  -2.48576e-05
142.8  -1.38623e-05
143  8.98782e-06
143.2  2.95854e-05
143.4  2.83104e-05
143.6  1.16526e-05
143.8  -2.76001e-06
144  -1.04448e-05
144.2  -1.41513e-05
144.4  -1.60417e-05
144.6  -1.69706e-05
144.8  -1.72395e-05
145  -1.69243e-05
145.2  -1.59355e-05
145.4  -1.3946e-05
145.6  -1.003e-05
145.8  -1.90164e-06
146  1.30255e-05
146.2  2.92161e-05
146.4  2.86324e-05
146.6  6.98593e-06
146.8  -1.51769e-05
147  -2.52478e-05
147.2  -2.68832e-05
147.4  -2.56821e-05
147.6  -2.40517e-05
147.8  -2.26965e-05
148  -2.18376e-05
148.2  -2.14728e-05
148.4  -2.14523e-05
148.6  -2.16008e-05
148.8  -2.17955e-05
149  -2.19679e-05
149.2  -2.20805e-05
149.4  -2.21128e-05
149.6  -2.20595e-05
149.8  -2.19296e-05
150  -2.17474e-05
150.2  -2.1556e-05
150.4  -2.14354e-05
150.6  -2.1524e-05
150.8  -2.20011e-05
151  -2.29906e-05
151.2  -2.4445e-05
151.4  -2.60692e-05
151.6  -2.69028e-05
151.8  -2.38072e-05
152  -1.06953e-05
152.2  1.3333e-05
152.4  3.11415e-05
152.6  2.5995e-05
152.8  8.73089e-06
153  -4.49094e-06
153.2  -1.12754e-05
153.4  -1.45664e-05
153.6  -1.62555e-05
153.8  -1.70588e-05
154  -1.72274e-05
154.2  -1.68086e-05
154.4  -1.5682e-05
154.6  -1.34566e-05
154.8  -9.03182e-06
155  1.38064e-07
155.2  1.60866e-05
155.4  3.08071e-05
155.6  2.60463e-05
155.8  2.62816e-06
156  -1.77704e-05
156.2  -2.59311e-05
156.4  -2.67763e-05
156.6  -2.54043e-05
156.8  -2.37922e-05
157  -2.25127e-05
157.2  -2.17435e-05
157.4  -2.14502e-05
157.6  -2.14698e-05
157.8  -2.16332e-05
158  -2.18278e-05
158.2  -2.19921e-05
158.4  -2.2092e-05
158.6  -2.21098e-05
158.8  -2.20423e-05
159  -2.19014e-05
159.2  -2.17138e-05
159.4  -2.15275e-05
159.6  -2.1431e-05
159.8  -2.15729e-05
160  -2.21321e-05
160.2  -2.321e-05
160.4  -2.47229e-05
160.6  -2.63141e-05
160.8  -2.67926e-05
161  -2.2459e-05
161.2  -7.15633e-06
161.4  1.75059e-05
161.6  3.19386e-05
161.8  2.33227e-05
162  5.97013e-06
162.2  -6.02605e-06
162.4  -1.20092e-05
162.6  -1.49378e-05
162.8  -1.64445e-05
163  -1.7129e-05
163.2  -1.71987e-05
163.4  -1.6673e-05
163.6  -1.53981e-05
163.8  -1.29073e-05
164  -7.89826e-06
164.2  2.39836e-06
164.4  1.91532e-05
164.6  3.17761e-05
164.8  2.28516e-05
165  -1.59334e-06
165.2  -1.99727e-05
165.4  -2.6407e-05
165.6  -2.66135e-05
165.8  -2.51223e-05
166  -2.35429e-05
166.2  -2.23442e-05
166.4  -2.16635e-05
166.6  -2.14366e-05
166.8  -2.14914e-05
167  -2.16663e-05
167.2  -2.18591e-05
167.4  -2.20143e-05
167.6  -2.21011e-05
167.8  -2.21042e-05
168  -2.2023e-05
168.2  -2.18718e-05
168.4  -2.16802e-05
168.6  -2.15014e-05
168.8  -2.14334e-05
169  -2.16342e-05
169.2  -2.22786e-05
169.4  -2.34425e-05
169.6  -2.50045e-05
169.8  -2.65327e-05
170  -2.65523e-05
170.2  -2.07781e-05
170.4  -3.28711e-06
170.6  2.13677e-05
170.8  3.19768e-05
171  2.04101e-05
171.2  3.40421e-06
171.4  -7.38216e-06
171.6  -1.26589e-05
171.8  -1.52702e-05
172  -1.66104e-05
172.2  -1.71818e-05
172.4  -1.71531e-05
172.6  -1.65163e-05
172.8  -1.50807e-05
173  -1.22892e-05
173.2  -6.61138e-06
173.4  4.87676e-06
173.6  2.21327e-05
173.8  3.20455e-05
174  1.91594e-05
174.2  -5.58243e-06
174.4  -2.18015e-05
174.6  -2.671e-05
174.8  -2.64089e-05
175  -2.48399e-05
175.2  -2.33052e-05
175.4  -2.21913e-05
175.6  -2.15969e-05
175.8  -2.14311e-05
176  -2.15163e-05
176.2  -2.16998e-05
176.4  -2.18893e-05
176.6  -2.20345e-05
176.8  -2.21077e-05
177  -2.20961e-05
177.2  -2.20016e-05
177.4  -2.18409e-05
177.6  -2.16469e-05
177.8  -2.14784e-05
178  -2.14435e-05
178.2  -2.17085e-05
178.4  -2.24407e-05
178.6  -2.3687e-05
178.8  -2.52871e-05
179  -2.67144e-05
179.2  -2.61524e-05
179.4  -1.8734e-05
179.6  8.48057e-07
179.8  2.47843e-05
180  3.12912e-05
180.2  1.73676e-05
180.4  1.05221e-06
180.6  -8.57735e-06
180.8  -1.32357e-05
181  -1.55676e-05
181.2  -1.67547e-05
181.4  -1.72175e-05
181.6  -1.70902e-05
181.8  -1.63371e-05
182  -1.47261e-05
182.2  -1.15919e-05
182.4  -5.15295e-06
182.6  7.55961e-06
182.8  2.4919e-05
183  3.15664e-05
183.2  1.50992e-05
183.4  -9.26524e-06
183.6  -2.32842e-05
183.8  -2.6871e-05
184  -2.61738e-05
184.2  -2.45601e-05
184.4  -2.30803e-05
184.6  -2.20538e-05
184.8  -2.1543e-05
185  -2.14328e-05
185.2  -2.15439e-05
185.4  -2.17335e-05
185.6  -2.19181e-05
185.8  -2.20526e-05
186  -2.21119e-05
186.2  -2.20856e-05
186.4  -2.19782e-05
186.6  -2.18091e-05
186.8  -2.16142e-05
187  -2.14591e-05
187.2  -2.14622e-05
187.4  -2.17967e-05
187.6  -2.26182e-05
187.8  -2.39425e-05
188  -2.55673e-05
188.2  -2.68465e-05
188.4  -2.55598e-05
188.6  -1.63048e-05
188.8  5.16209e-06
189  2.76358e-05
189.2  2.99481e-05
189.4  1.4294e-05
189.6  -1.07905e-06
189.8  -9.62977e-06
190  -1.3749e-05
190.2  -1.58335e-05
190.4  -1.68785e-05
190.6  -1.72365e-05
190.8  -1.70096e-05
191  -1.61339e-05
191.2  -1.43298e-05
191.4  -1.08034e-05
191.6  -3.50547e-06
191.8  1.04195e-05
192  2.73973e-05
192.2  3.03239e-05
192.4  1.08089e-05
192.6  -1.25908e-05
192.8  -2.44542e-05
193  -2.69175e-05
193.2  -2.59175e-05
193.4  -2.42855e-05
193.6  -2.28691e-05
193.8  -2.19318e-05
194  -2.15008e-05
194.2  -2.14408e-05
194.4  -2.15736e-05
194.6  -2.17668e-05
194.8  -2.19454e-05
195  -2.20685e-05
195.2  -2.21135e-05
195.4  -2.20727e-05
195.6  -2.1953e-05
195.8  -2.17764e-05
196  -2.15825e-05
196.2  -2.14442e-05
196.4  -2.14906e-05
196.6  -2.18994e-05
196.8  -2.28107e-05
197  -2.42075e-05
197.2  -2.58405e-05
197.4  -2.69131e-05
197.6  -2.47389e-05
197.8  -1.34799e-05
198  9.54701e-06
198.2  2.98252e-05
198.4  2.80388e-05
198.6  1.12724e-05
198.8  -2.99233e-06
199  -1.05567e-05
199.2  -1.42069e-05
199.4  -1.60705e-05
199.6  -1.6983e-05
199.8  -1.72389e-05
200  -1.69106e-05
