0 0 1.8
0.2 0.352  1.69503
0.4 0.678013  1.55881
0.6 0.975526  1.41961
0.8 1.24586  1.28874
1 1.49102  1.16563
1.2 1.71211  1.04485
1.4 1.90896  0.921115
1.6 2.08055  0.791638
1.8 2.22561  0.656315
2 2.34308  0.516745
2.2 2.43231  0.374967
2.4 2.49307  0.232558
2.6 2.52534  0.0902698
2.8 2.52918  -0.0518522
3 2.50459  -0.194078
3.2 2.45154  -0.336494
3.4 2.37  -0.478566
3.6 2.26012  -0.618926
3.8 2.12243  -0.755595
4 1.95788  -0.886736
4.2 1.76773  -1.01187
4.4 1.55313  -1.13301
4.6 1.31453  -1.25489
4.8 1.05118  -1.38329
5 0.761214  -1.52073
5.2 0.442885  -1.65981
5.4 0.0972918  -1.77693
5.6 -0.267885  -1.83381
5.8 -0.636233  -1.79408
6 -0.985517  -1.64748
6.2 -1.29522  -1.41823
6.4 -1.55281  -1.14797
6.6 -1.75441  -0.87236
6.8 -1.90175  -0.610582
7 -1.99864  -0.367242
7.2 -2.04865  -0.138148
7.4 -2.0539  0.0850237
7.6 -2.01464  0.311875
7.8 -1.92915  0.55124
8 -1.79414  0.808638
8.2 -1.6057  1.08207
8.4 -1.36132  1.35627
8.6 -1.06319  1.59911
8.8 -0.721672  1.76858
9 -0.35576  1.83409
9.2 0.0119658  1.79744
9.4 0.363218  1.69083
9.6 0.688297  1.55416
9.8 0.98488  1.41513
10 1.25435  1.28457
10.2 1.49871  1.16163
10.4 1.719  1.04083
10.6 1.91504  0.916936
10.8 2.08578  0.787255
11 2.22994  0.65176
11.2 2.34648  0.512085
11.4 2.43478  0.370265
11.6 2.49459  0.227852
11.8 2.52592  0.0855723
12 2.52882  -0.0565484
12.2 2.5033  -0.198781
12.4 2.4493  -0.341199
12.6 2.36682  -0.48324
12.8 2.25601  -0.623513
13 2.11741  -0.760024
13.2 1.952  -0.890963
13.4 1.76103  -1.01591
13.6 1.54563  -1.13699
13.8 1.30623  -1.259
14 1.04203  -1.38769
14.2 0.751155  -1.52538
14.4 0.431882  -1.66421
14.6 0.0854722  -1.78
14.8 -0.280119  -1.83419
15 -0.648205  -1.79089
15.2 -0.996477  -1.64101
15.4 -1.30461  -1.40972
15.6 -1.56037  -1.1388
15.8 -1.76013  -0.86343
16 -1.90574  -0.602252
16.2 -2.00103  -0.359483
16.4 -2.04953  -0.130731
16.6 -2.05332  0.0924076
16.8 -2.01257  0.319541
17 -1.9255  0.559442
17.2 -1.78879  0.817458
17.4 -1.59852  1.09125
17.6 -1.35229  1.36501
17.8 -1.05252  1.60611
18 -0.709848  1.7725
18.2 -0.343519  1.8344
18.4 0.0239128  1.79481
18.6 0.374406  1.68659
18.8 0.69855  1.5495
19 0.994205  1.41067
19.2 1.26282  1.28041
19.4 1.50637  1.15764
19.6 1.72587  1.03681
19.8 1.92109  0.91275
20 2.09097  0.782865
20.2 2.23424  0.647201
20.4 2.34985  0.507423
20.6 2.43721  0.365563
20.8 2.49608  0.223147
21 2.52647  0.0808751
21.2 2.52843  -0.0612447
21.4 2.50197  -0.203485
21.6 2.44703  -0.345904
21.8 2.36361  -0.487913
22 2.25187  -0.628095
22.2 2.11237  -0.764447
22.4 1.94609  -0.895183
22.6 1.7543  -1.01996
22.8 1.53811  -1.14097
23 1.29791  -1.26312
23.2 1.03286  -1.39211
23.4 0.741064  -1.53003
23.6 0.420848  -1.66858
23.8 0.0736307  -1.78301
24 -0.292356  -1.83447
24.2 -0.660156  -1.78759
24.4 -1.00739  -1.63446
24.6 -1.31394  -1.40117
24.8 -1.56786  -1.12962
25 -1.76579  -0.854518
25.2 -1.90967  -0.593944
25.4 -2.00336  -0.35174
25.6 -2.05036  -0.123321
25.8 -2.05269  0.0997959
26 -2.01045  0.327222
26.2 -1.9218  0.567664
26.4 -1.78338  0.826296
26.6 -1.59128  1.10043
26.8 -1.34321  1.37372
27 -1.04179  1.61303
27.2 -0.697998  1.7763
27.4 -0.331276  1.8346
27.6 0.0358404  1.7921
27.8 0.385565  1.68233
28 0.708772  1.54484
28.2 1.0035  1.40621
28.4 1.27126  1.27626
28.6 1.514  1.15365
28.8 1.73272  1.03278
29 1.92712  0.908558
29.2 2.09614  0.778468
29.4 2.2385  0.642636
29.6 2.35319  0.502758
29.8 2.43961  0.36086
30 2.49754  0.218443
30.2 2.52698  0.076178
30.4 2.52801  -0.0659412
30.6 2.50061  -0.208189
30.8 2.44473  -0.350608
31 2.36037  -0.492584
31.2 2.2477  -0.632673
31.4 2.1073  -0.768864
31.6 1.94015  -0.899397
31.8 1.74754  -1.02399
32 1.53056  -1.14496
32.2 1.28955  -1.26724
32.4 1.02366  -1.39653
32.6 0.730942  -1.53469
32.8 0.409783  -1.67294
33 0.0617678  -1.78595
33.2 -0.304595  -1.83463
33.4 -0.672083  -1.78417
33.6 -1.01826  -1.62781
33.8 -1.32321  -1.39258
34 -1.5753  -1.12044
34.2 -1.77138  -0.845623
34.4 -1.91354  -0.585656
34.6 -2.00565  -0.344013
34.8 -2.05115  -0.115916
35 -2.05201  0.107189
35.2 -2.00827  0.334917
35.4 -1.91805  0.575907
35.6 -1.77791  0.835153
35.8 -1.58398  1.10961
36 -1.33407  1.3824
36.2 -1.03103  1.61986
36.4 -0.686122  1.77998
36.6 -0.319034  1.83468
36.8 0.0477482  1.78932
37 0.396694  1.67804
37.2 0.718962  1.54018
37.4 1.01277  1.40176
37.6 1.27967  1.27212
37.8 1.52161  1.14966
38 1.73953  1.02875
38.2 1.93311  0.904359
38.4 2.10127  0.774065
38.6 2.24274  0.638068
38.8 2.3565  0.498092
39 2.44198  0.356157
39.2 2.49896  0.213738
39.4 2.52747  0.0714812
39.6 2.52756  -0.0706379
39.8 2.49922  -0.212893
40 2.4424  -0.355312
40.2 2.35709  -0.497253
40.4 2.2435  -0.637247
40.6 2.10219  -0.773274
40.8 1.93419  -0.903604
41 1.74075  -1.02803
41.2 1.52298  -1.14895
41.4 1.28117  -1.27137
41.6 1.01443  -1.40096
41.8 0.720789  -1.53935
42 0.398689  -1.67726
42.2 0.0498841  -1.78881
42.4 -0.316836  -1.83468
42.6 -0.683988  -1.78063
42.8 -1.02909  -1.62108
43 -1.33242  -1.38395
43.2 -1.58267  -1.11126
43.4 -1.77692  -0.836745
43.6 -1.91737  -0.577389
43.8 -2.00788  -0.3363
44 -2.05189  -0.108517
44.2 -2.05129  0.114587
44.4 -2.00605  0.342627
44.6 -1.91423  0.58417
44.8 -1.77238  0.844027
45 -1.57662  1.11879
45.2 -1.32487  1.39104
45.4 -1.02021  1.62661
45.6 -0.674223  1.78354
45.8 -0.306793  1.83465
46 0.0596356  1.78647
46.2 0.407794  1.67371
46.4 0.729121  1.53552
46.6 1.022  1.39732
46.8 1.28805  1.26798
47 1.5292  1.14567
47.2 1.74632  1.02472
47.4 1.93908  0.900153
47.6 2.10638  0.769656
47.8 2.24695  0.633495
48 2.35978  0.493423
48.2 2.44432  0.351453
48.4 2.50036  0.209034
48.6 2.52793  0.0667845
48.8 2.52707  -0.0753347
49 2.4978  -0.217598
49.2 2.44004  -0.360016
49.4 2.35379  -0.50192
49.6 2.23927  -0.641816
49.8 2.09706  -0.777678
50 1.9282  -0.907804
50.2 1.73394  -1.03206
50.4 1.51537  -1.15293
50.6 1.27277  -1.27551
50.8 1.00517  -1.40541
51 0.710604  -1.544
51.2 0.387565  -1.68156
51.4 0.03798  -1.79161
51.6 -0.329078  -1.83462
51.8 -0.695867  -1.77697
52 -1.03986  -1.61426
52.2 -1.34157  -1.37528
52.4 -1.58998  -1.10208
52.6 -1.7824  -0.827885
52.8 -1.92113  -0.569143
53 -2.01006  -0.328602
53.2 -2.05257  -0.101123
53.4 -2.05051  0.121991
53.6 -2.00378  0.350352
53.8 -1.91037  0.592454
54 -1.76679  0.852919
54.2 -1.5692  1.12797
54.4 -1.31561  1.39963
54.6 -1.00935  1.63327
54.8 -0.662299  1.78698
55 -0.294553  1.8345
55.2 0.0715022  1.78354
55.4 0.418863  1.66937
55.6 0.739249  1.53087
55.8 1.03121  1.3929
56 1.29641  1.26386
56.2 1.53675  1.14169
56.4 1.75308  1.02068
56.6 1.94503  0.89594
56.8 2.11146  0.765241
57 2.25112  0.628917
57.2 2.36303  0.488752
57.4 2.44662  0.346749
57.6 2.50173  0.20433
57.8 2.52835  0.062088
58 2.52656  -0.0800317
58.2 2.49634  -0.222303
58.4 2.43764  -0.364719
58.6 2.35045  -0.506585
58.8 2.23501  -0.646381
59 2.0919  -0.782076
59.2 1.92218  -0.911998
59.4 1.7271  -1.03608
59.6 1.50774  -1.15692
59.8 1.26433  -1.27966
60 0.995877  -1.40986
60.2 0.700388  -1.54866
60.4 0.376412  -1.68583
60.6 0.0260559  -1.79433
60.8 -0.34132  -1.83444
61 -0.707722  -1.77319
61.2 -1.0506  -1.60736
61.4 -1.35067  -1.36658
61.6 -1.59723  -1.0929
61.8 -1.78782  -0.819043
62 -1.92484  -0.560917
62.2 -2.01219  -0.320919
62.4 -2.05321  -0.0937338
62.6 -2.04968  0.1294
62.8 -2.00145  0.358092
63 -1.90645  0.600759
63.2 -1.76115  0.861829
63.4 -1.56172  1.13715
63.6 -1.30629  1.40819
63.8 -0.99844  1.63984
64 -0.650353  1.79031
64.2 -0.282316  1.83425
64.4 0.0833476  1.78055
64.6 0.429903  1.66499
64.8 0.749345  1.52621
65 1.04039  1.38848
65.2 1.30474  1.25974
65.4 1.54428  1.1377
65.6 1.75982  1.01664
65.8 1.95094  0.891721
66 2.11651  0.760819
66.2 2.25527  0.624336
66.4 2.36624  0.48408
66.6 2.4489  0.342044
66.8 2.50306  0.199626
67 2.52875  0.0573916
67.2 2.52602  -0.0847289
67.4 2.49486  -0.227008
67.6 2.43521  -0.369421
67.8 2.34709  -0.511248
68 2.23072  -0.650942
68.2 2.08671  -0.786467
68.4 1.91613  -0.916185
68.6 1.72024  -1.04011
68.8 1.50009  -1.16092
69 1.25587  -1.28382
69.2 0.986557  -1.41433
69.4 0.690141  -1.55332
69.6 0.365229  -1.69007
69.8 0.0141123  -1.79698
70 -0.353562  -1.83416
70.2 -0.719551  -1.76929
70.4 -1.06128  -1.60037
70.6 -1.3597  -1.35784
70.8 -1.60441  -1.08372
71 -1.79319  -0.81022
71.2 -1.9285  -0.552711
71.4 -2.01427  -0.313251
71.6 -2.0538  -0.0863492
71.8 -2.04881  0.136816
72 -1.99908  0.365848
72.2 -1.90247  0.609084
72.4 -1.75544  0.870755
72.6 -1.55417  1.14632
72.8 -1.29691  1.41671
73 -0.987488  1.64632
73.2 -0.638384  1.79351
73.4 -0.270082  1.83389
73.6 0.0951712  1.77748
73.8 0.440912  1.6606
74 0.75941  1.52156
74.2 1.04954  1.38408
74.4 1.31304  1.25563
74.6 1.55179  1.13372
74.8 1.76653  1.01259
75 1.95683  0.887495
75.2 2.12153  0.756391
75.4 2.25938  0.61975
75.6 2.36943  0.479405
75.8 2.45114  0.337339
76 2.50436  0.194922
76.2 2.52911  0.0526954
76.4 2.52544  -0.0894263
76.6 2.49334  -0.231713
76.8 2.43276  -0.374123
77 2.34369  -0.515908
77.2 2.22639  -0.655498
77.4 2.08149  -0.790852
77.6 1.91005  -0.920365
77.8 1.71335  -1.04413
78 1.4924  -1.16491
78.2 1.24738  -1.28799
78.4 0.977208  -1.41881
78.6 0.679862  -1.55798
78.8 0.354016  -1.69428
79 0.00214986  -1.79955
79.2 -0.365802  -1.83376
79.4 -0.731352  -1.76528
79.6 -1.07191  -1.59331
79.8 -1.36867  -1.34907
80 -1.61154  -1.07454
80.2 -1.79849  -0.801415
80.4 -1.93211  -0.544526
80.6 -2.0163  -0.305596
80.8 -2.05434  -0.0789686
81 -2.04789  0.144238
81.2 -1.99665  0.373619
81.4 -1.89844  0.617431
81.6 -1.74968  0.879698
81.8 -1.54656  1.15549
82 -1.28748  1.42518
82.2 -0.976491  1.65271
82.4 -0.626395  1.7966
82.6 -0.257852  1.83342
82.8 0.106973  1.77436
83 0.451891  1.65618
83.2 0.769444  1.51692
83.4 1.05866  1.37969
83.6 1.32132  1.25152
83.8 1.55927  1.12974
84 1.77321  1.00854
84.2 1.96268  0.883262
84.4 2.12652  0.751956
84.6 2.26347  0.61516
84.8 2.37258  0.474729
85 2.45336  0.332634
85.2 2.50564  0.190219
85.4 2.52945  0.0479993
85.6 2.52484  -0.0941239
85.8 2.4918  -0.236418
86 2.43027  -0.378824
86.2 2.34027  -0.520566
86.4 2.22204  -0.660049
86.6 2.07625  -0.79523
86.8 1.90395  -0.924539
87 1.70643  -1.04814
87.2 1.48469  -1.16891
87.4 1.23887  -1.29216
87.6 0.967829  -1.42329
87.8 0.669551  -1.56263
88 0.342775  -1.69846
88.2 -0.00983104  -1.80204
88.4 -0.378041  -1.83324
88.6 -0.743127  -1.76115
88.8 -1.0825  -1.58616
89 -1.37759  -1.34026
89.2 -1.6186  -1.06537
89.4 -1.80374  -0.79263
89.6 -1.93566  -0.536362
89.8 -2.01828  -0.297955
90 -2.05484  -0.0715919
90.2 -2.04692  0.151667
90.4 -1.99417  0.381407
90.6 -1.89436  0.625799
90.8 -1.74385  0.888657
91 -1.53889  1.16466
91.2 -1.27799  1.43361
91.4 -0.965452  1.65901
91.6 -0.614385  1.79956
91.8 -0.245626  1.83284
92 0.118752  1.77116
92.2 0.462839  1.65174
92.4 0.779447  1.51227
92.6 1.06775  1.3753
92.8 1.32957  1.24743
93 1.56672  1.12576
93.2 1.77987  1.00449
93.4 1.96851  0.879023
93.6 2.13148  0.747516
93.8 2.26752  0.610567
94 2.37571  0.470051
94.2 2.45554  0.327928
94.4 2.50688  0.185516
94.6 2.52975  0.0433033
94.8 2.5242  -0.0988217
95 2.49022  -0.241124
95.2 2.42775  -0.383525
95.4 2.33681  -0.525222
95.6 2.21766  -0.664596
95.8 2.07097  -0.799602
96 1.89782  -0.928706
96.2 1.69949  -1.05215
96.4 1.47696  -1.17291
96.6 1.23033  -1.29635
96.8 0.95842  -1.42779
97 0.65921  -1.56729
97.2 0.331504  -1.7026
97.4 -0.0218298  -1.80445
97.6 -0.390276  -1.83261
97.8 -0.754872  -1.7569
98 -1.09304  -1.57893
98.2 -1.38645  -1.33143
98.4 -1.62561  -1.0562
98.6 -1.80893  -0.783863
98.8 -1.93915  -0.528217
99 -2.02021  -0.290327
99.2 -2.05528  -0.0642186
99.4 -2.0459  0.159104
99.6 -1.99164  0.389211
99.8 -1.89022  0.634187
100 -1.73797  0.897631
100.2 -1.53116  1.17382
100.4 -1.26844  1.44198
100.6 -0.954369  1.66521
100.8 -0.602356  1.80241
101 -0.233406  1.83216
101.2 0.130507  1.76791
101.4 0.473757  1.64728
101.6 0.789418  1.50763
101.8 1.07681  1.37093
102 1.33779  1.24334
102.2 1.57415  1.12177
102.4 1.7865  1.00043
102.6 1.97432  0.874776
102.8 2.13641  0.74307
103 2.27154  0.605969
103.2 2.3788  0.465371
103.4 2.45769  0.323222
103.6 2.50809  0.180813
103.8 2.53002  0.0386075
104 2.52353  -0.10352
104.2 2.48861  -0.24583
104.4 2.4252  -0.388225
104.6 2.33332  -0.529875
104.8 2.21325  -0.669137
105 2.06566  -0.803967
105.2 1.89166  -0.932867
105.4 1.69252  -1.05616
105.6 1.4692  -1.17691
105.8 1.22175  -1.30054
106 0.948981  -1.4323
106.2 0.648836  -1.57194
106.4 0.320205  -1.70671
106.6 -0.033846  -1.80678
106.8 -0.402507  -1.83186
107 -0.766588  -1.75254
107.2 -1.10352  -1.57163
107.4 -1.39524  -1.32256
107.6 -1.63255  -1.04704
107.8 -1.81406  -0.775116
108 -1.9426  -0.520093
108.2 -2.02209  -0.282712
108.4 -2.05568  -0.0568484
108.6 -2.04483  0.166547
108.8 -1.98906  0.397032
109 -1.88602  0.642596
109.2 -1.73202  0.906621
109.4 -1.52337  1.18297
109.6 -1.25883  1.45032
109.8 -0.943245  1.67132
110 -0.590308  1.80513
110.2 -0.221192  1.83137
110.4 0.14224  1.76459
110.6 0.484644  1.6428
110.8 0.799359  1.503
111 1.08584  1.36657
111.2 1.34599  1.23926
111.4 1.58155  1.11779
111.6 1.7931  0.996361
111.8 1.98009  0.870523
112 2.14131  0.738617
112.2 2.27554  0.601368
112.4 2.38186  0.460689
112.6 2.45981  0.318516
112.8 2.50927  0.176111
113 2.53026  0.0339117
113.2 2.52283  -0.108218
113.4 2.48697  -0.250535
113.6 2.42262  -0.392924
113.8 2.3298  -0.534525
114 2.20881  -0.673674
114.2 2.06033  -0.808325
114.4 1.88548  -0.937022
114.6 1.68552  -1.06017
114.8 1.46141  -1.18091
115 1.21316  -1.30474
115.2 0.939513  -1.43681
115.4 0.638432  -1.57659
115.6 0.308878  -1.71078
115.8 -0.0458789  -1.80903
116 -0.414734  -1.83099
116.2 -0.778275  -1.74807
116.4 -1.11396  -1.56426
116.6 -1.40398  -1.31367
116.8 -1.63943  -1.03788
117 -1.81913  -0.766388
117.2 -1.94599  -0.511988
117.4 -2.02392  -0.27511
117.6 -2.05603  -0.049481
117.8 -2.04372  0.173999
118 -1.98643  0.40487
118.2 -1.88177  0.651027
118.4 -1.72602  0.915626
118.6 -1.51552  1.19211
118.8 -1.24917  1.4586
119 -0.932078  1.67733
119.2 -0.578242  1.80773
119.4 -0.208985  1.83048
119.6 0.153948  1.76121
119.8 0.4955  1.6383
120 0.809268  1.49837
120.2 1.09485  1.36222
120.4 1.35416  1.23518
120.6 1.58892  1.11381
120.8 1.79968  0.992291
121 1.98584  0.866263
121.2 2.14619  0.734159
121.4 2.2795  0.596763
121.6 2.38489  0.456006
121.8 2.4619  0.31381
122 2.51041  0.171409
122.2 2.53047  0.029216
122.4 2.5221  -0.112917
122.6 2.4853  -0.255241
122.8 2.42  -0.397623
123 2.32625  -0.539173
123.2 2.20433  -0.678206
123.4 2.05497  -0.812677
123.6 1.87926  -0.94117
123.8 1.6785  -1.06417
124 1.4536  -1.18492
124.2 1.20453  -1.30896
124.4 0.930014  -1.44134
124.6 0.627995  -1.58123
124.8 0.297522  -1.71481
125 -0.057928  -1.81119
125.2 -0.426955  -1.83
125.4 -0.78993  -1.74348
125.6 -1.12435  -1.55681
125.8 -1.41265  -1.30475
126 -1.64625  -1.02872
126.2 -1.82414  -0.757681
126.4 -1.94932  -0.503903
126.6 -2.0257  -0.267521
126.8 -2.05633  -0.0421159
127 -2.04255  0.181459
127.2 -1.98375  0.412724
127.4 -1.87746  0.659478
127.6 -1.71995  0.924645
127.8 -1.5076  1.20125
128 -1.23946  1.46683
128.2 -0.920871  1.68324
128.4 -0.56616  1.81021
128.6 -0.196785  1.82948
128.8 0.165633  1.75778
129 0.506326  1.63378
129.2 0.819146  1.49374
129.4 1.10382  1.35788
129.6 1.3623  1.23111
129.8 1.59627  1.10983
130 1.80623  0.988215
130.2 1.99155  0.861996
130.4 2.15103  0.729695
130.6 2.28343  0.592154
130.8 2.38789  0.451322
131 2.46396  0.309104
131.2 2.51153  0.166707
131.4 2.53064  0.0245204
131.6 2.52134  -0.117615
131.8 2.4836  -0.259948
132 2.41736  -0.40232
132.2 2.32267  -0.543819
132.4 2.19983  -0.682733
132.6 2.04958  -0.817022
132.8 1.87302  -0.945312
133 1.67145  -1.06817
133.2 1.44576  -1.18893
133.4 1.19588  -1.31318
133.6 0.920485  -1.44587
133.8 0.617528  -1.58587
134 0.286138  -1.7188
134.2 -0.0699928  -1.81327
134.4 -0.43917  -1.8289
134.6 -0.801554  -1.73878
134.8 -1.13468  -1.54928
135 -1.42127  -1.29581
135.2 -1.65301  -1.01958
135.4 -1.8291  -0.748993
135.6 -1.9526  -0.495837
135.8 -2.02743  -0.259944
136 -2.05658  -0.0347529
136.2 -2.04133  0.188927
136.4 -1.98101  0.420596
136.6 -1.8731  0.667951
136.8 -1.71383  0.933679
137 -1.49962  1.21037
137.2 -1.22968  1.475
137.4 -0.909624  1.68905
137.6 -0.554061  1.81257
137.8 -0.184594  1.82838
138 0.177293  1.75429
138.2 0.51712  1.62925
138.4 0.828994  1.48913
138.6 1.11277  1.35355
138.8 1.37041  1.22705
139 1.60359  1.10585
139.2 1.81275  0.984134
139.4 1.99724  0.857722
139.6 2.15584  0.725224
139.8 2.28733  0.587542
140 2.39086  0.446636
140.2 2.46599  0.304398
140.4 2.51262  0.162005
140.6 2.53079  0.0198249
140.8 2.52055  -0.122314
141 2.48186  -0.264654
141.2 2.41469  -0.407017
141.4 2.31906  -0.548461
141.6 2.1953  -0.687255
141.8 2.04416  -0.82136
142 1.86676  -0.949447
142.2 1.66438  -1.07217
142.4 1.43789  -1.19295
142.6 1.1872  -1.31741
142.8 0.910926  -1.45042
143 0.607029  -1.5905
143.2 0.274726  -1.72275
143.4 -0.0820727  -1.81526
143.6 -0.451377  -1.82768
143.8 -0.813145  -1.73397
144 -1.14497  -1.54169
144.2 -1.42982  -1.28684
144.4 -1.6597  -1.01044
144.6 -1.834  -0.740325
144.8 -1.95583  -0.487791
145 -2.02911  -0.252379
145.2 -2.05679  -0.0273915
145.4 -2.04007  0.196405
145.6 -1.97822  0.428486
145.8 -1.86868  0.676444
146 -1.70765  0.942725
146.2 -1.49159  1.21949
146.4 -1.21985  1.48312
146.6 -0.898337  1.69476
146.8 -0.541948  1.81481
147 -0.172412  1.82719
147.2 0.188928  1.75074
147.4 0.527884  1.62471
147.6 0.838811  1.48451
147.8 1.12169  1.34923
148 1.3785  1.22299
148.2 1.61089  1.10186
148.4 1.81925  0.980048
148.6 2.0029  0.853442
148.8 2.16062  0.720749
149 2.2912  0.582926
149.2 2.3938  0.441949
149.4 2.46798  0.299691
149.6 2.51367  0.157304
149.8 2.53091  0.0151294
150 2.51972  -0.127014
150.2 2.4801  -0.26936
150.4 2.41198  -0.411713
150.6 2.31541  -0.5531
150.8 2.19074  -0.691771
151 2.03871  -0.825691
151.2 1.86046  -0.953577
151.4 1.65728  -1.07616
151.6 1.43  -1.19697
151.8 1.17849  -1.32165
152 0.901337  -1.45497
152.2 0.596498  -1.59513
152.4 0.263287  -1.72666
152.6 -0.0941671  -1.81716
152.8 -0.463577  -1.82634
153 -0.824703  -1.72905
153.2 -1.1552  -1.53403
153.4 -1.43831  -1.27785
153.6 -1.66634  -1.00131
153.8 -1.83884  -0.731678
154 -1.95901  -0.479765
154.2 -2.03074  -0.244825
154.4 -2.05694  -0.0200314
154.6 -2.03876  0.203891
154.8 -1.97538  0.436393
155 -1.8642  0.684958
155.2 -1.7014  0.951785
155.4 -1.48349  1.22859
155.6 -1.20997  1.49119
155.8 -0.887011  1.70037
156 -0.52982  1.81693
156.2 -0.16024  1.82589
156.4 0.200537  1.74714
156.6 0.538616  1.62015
156.8 0.848597  1.47991
157 1.13058  1.34492
157.2 1.38657  1.21894
157.4 1.61816  1.09788
157.6 1.82572  0.975956
157.8 2.00854  0.849154
158 2.16538  0.716267
158.2 2.29504  0.578306
158.4 2.3967  0.43726
158.6 2.46995  0.294985
158.8 2.5147  0.152603
159 2.53099  0.010434
159.2 2.51887  -0.131713
159.4 2.4783  -0.274067
159.6 2.40924  -0.416408
159.8 2.31174  -0.557737
160 2.18615  -0.696283
160.2 2.03323  -0.830016
160.4 1.85414  -0.957701
160.6 1.65015  -1.08015
160.8 1.42208  -1.20099
161 1.16975  -1.3259
161.2 0.891718  -1.45953
161.4 0.585936  -1.59974
161.6 0.25182  -1.73053
161.8 -0.106275  -1.81897
162 -0.475768  -1.82488
162.2 -0.836227  -1.72402
162.4 -1.16538  -1.5263
162.6 -1.44675  -1.26885
162.8 -1.67291  -0.992191
163 -1.84362  -0.723051
163.2 -1.96214  -0.471757
163.4 -2.03233  -0.237283
163.6 -2.05705  -0.0126723
163.8 -2.0374  0.211387
164 -1.97249  0.444319
164.2 -1.85967  0.693494
164.4 -1.6951  0.960857
164.6 -1.47533  1.23767
164.8 -1.20003  1.49919
165 -0.875648  1.70587
165.2 -0.517678  1.81893
165.4 -0.148077  1.8245
165.6 0.212121  1.74349
165.8 0.549317  1.61558
166 0.858352  1.47531
166.2 1.13944  1.34063
166.4 1.3946  1.21489
166.6 1.6254  1.09389
166.8 1.83216  0.971858
167 2.01414  0.84486
167.2 2.1701  0.71178
167.4 2.29885  0.573684
167.6 2.39958  0.43257
167.8 2.47188  0.290278
168 2.51569  0.147902
168.2 2.53104  0.00573857
168.4 2.51798  -0.136413
168.6 2.47648  -0.278773
168.8 2.40647  -0.421102
169 2.30804  -0.562371
169.2 2.18153  -0.700789
169.4 2.02772  -0.834334
169.6 1.84779  -0.961818
169.8 1.64299  -1.08414
170 1.41413  -1.20502
170.2 1.16098  -1.33017
170.4 0.882068  -1.46411
170.6 0.575343  -1.60435
170.8 0.240327  -1.73435
171 -0.118397  -1.82069
171.2 -0.487949  -1.8233
171.4 -0.847716  -1.71888
171.6 -1.1755  -1.51851
171.8 -1.45512  -1.25982
172 -1.67943  -0.983081
172.2 -1.84835  -0.714444
172.4 -1.96521  -0.463768
172.6 -2.03386  -0.229752
172.8 -2.05711  -0.00531388
173 -2.03598  0.218893
173.2 -1.96955  0.452262
173.4 -1.85508  0.70205
173.6 -1.68873  0.969941
173.8 -1.4671  1.24674
174 -1.19003  1.50714
174.2 -0.864247  1.71127
174.4 -0.505524  1.8208
174.6 -0.135926  1.82301
174.8 0.22368  1.73978
175 0.559987  1.61099
175.2 0.868076  1.47072
175.4 1.14828  1.33634
175.6 1.40261  1.21085
175.8 1.63262  1.08991
176 1.83857  0.967755
176.2 2.01972  0.840558
176.4 2.1748  0.707287
176.6 2.30263  0.569058
176.8 2.40242  0.427879
177 2.47378  0.285571
177.2 2.51665  0.143202
177.4 2.53107  0.00104317
177.6 2.51707  -0.141113
177.8 2.47462  -0.28348
178 2.40367  -0.425794
178.2 2.3043  -0.567001
178.4 2.17687  -0.705289
178.6 2.02219  -0.838645
178.8 1.84142  -0.96593
179 1.63581  -1.08813
179.2 1.40616  -1.20906
179.4 1.15219  -1.33444
179.6 0.872387  -1.46868
179.8 0.564718  -1.60895
180 0.228807  -1.73812
180.2 -0.130531  -1.82232
180.4 -0.50012  -1.8216
180.6 -0.859169  -1.71364
180.8 -1.18557  -1.51065
181 -1.46343  -1.25077
181.2 -1.68588  -0.973981
181.4 -1.85302  -0.705858
181.6 -1.96823  -0.455798
181.8 -2.03534  -0.222231
182 -2.05712  0.00204434
182.2 -2.03452  0.226409
182.4 -1.96655  0.460224
182.6 -1.85043  0.710626
182.8 -1.6823  0.979036
183 -1.45882  1.2558
183.2 -1.17998  1.51502
183.4 -0.852809  1.71657
183.6 -0.493358  1.82256
183.8 -0.123787  1.82142
184 0.235211  1.73603
184.2 0.570626  1.6064
184.4 0.87777  1.46614
184.6 1.15708  1.33206
184.8 1.4106  1.20681
185 1.63981  1.08592
185.2 1.84496  0.963646
185.4 2.02527  0.83625
185.6 2.17946  0.702789
185.8 2.30638  0.564429
186 2.40523  0.423187
186.2 2.47566  0.280865
186.4 2.51758  0.138501
186.6 2.53106  -0.00365223
186.8 2.51612  -0.145814
187 2.47273  -0.288187
187.2 2.40084  -0.430486
187.4 2.30054  -0.571629
187.6 2.17219  -0.709784
187.8 2.01662  -0.842949
188 1.83501  -0.970036
188.2 1.62861  -1.09212
188.4 1.39816  -1.2131
188.6 1.14337  -1.33872
188.8 0.862677  -1.47327
189 0.554062  -1.61354
189.2 0.21726  -1.74185
189.4 -0.142677  -1.82385
189.6 -0.512279  -1.81977
189.8 -0.870587  -1.70828
190 -1.19559  -1.50273
190.2 -1.47168  -1.24171
190.4 -1.69228  -0.964892
190.6 -1.85764  -0.697293
190.8 -1.97119  -0.447846
191 -2.03677  -0.214721
191.2 -2.05708  0.00940266
191.4 -2.03301  0.233935
191.6 -1.96351  0.468205
191.8 -1.84573  0.719224
192 -1.67582  0.988142
192.2 -1.45047  1.26484
192.4 -1.16988  1.52285
192.6 -0.841336  1.72175
192.8 -0.481182  1.82419
193 -0.11166  1.81975
193.2 0.246717  1.73223
193.4 0.581233  1.60179
193.6 0.887434  1.46156
193.8 1.16586  1.3278
194 1.41855  1.20278
194.2 1.64697  1.08193
194.4 1.85132  0.959531
194.6 2.03078  0.831935
194.8 2.1841  0.698286
195 2.3101  0.559796
195.2 2.40802  0.418494
195.4 2.4775  0.276158
195.6 2.51848  0.133802
195.8 2.53102  -0.00834764
196 2.51514  -0.150514
196.2 2.47081  -0.292893
196.4 2.39798  -0.435176
196.6 2.29674  -0.576253
196.8 2.16748  -0.714274
197 2.01103  -0.847247
197.2 1.82858  -0.974136
197.4 1.62138  -1.09611
197.6 1.39014  -1.21714
197.8 1.13452  -1.34301
198 0.852935  -1.47787
198.2 0.543375  -1.61812
198.4 0.205688  -1.74552
198.6 -0.154834  -1.82529
198.8 -0.524426  -1.81783
199 -0.881967  -1.70283
199.2 -1.20556  -1.49475
199.4 -1.47987  -1.23263
199.6 -1.69861  -0.955814
199.8 -1.86219  -0.688748
200 -1.97411  -0.439913
