0  0
0.2  0.00733616
0.4  0.0115357
0.6  0.0126296
0.8  0.012189
1  0.0114268
1.2  0.0109189
1.4  0.0107947
1.6  0.0109406
1.8  0.0111719
2  0.0113544
2.2  0.0114443
2.4  0.0114638
2.6  0.0114567
2.8  0.011455
3  0.0114627
3.2  0.0114547
3.4  0.0113878
3.6  0.0112295
3.8  0.0110019
4  0.0108152
4.2  0.0108494
4.4  0.0112528
4.6  0.0119804
4.8  0.0125988
5  0.0120757
5.2  0.00883939
5.4  0.00213606
5.6  -0.00500033
5.8  -0.00614793
6  0.000463124
6.2  0.00885936
6.4  0.0137374
6.6  0.0148969
6.8  0.0142782
7  0.0133522
7.2  0.0127608
7.4  0.0126953
7.6  0.0131699
7.8  0.0140512
8  0.0148405
8.2  0.0142828
8.4  0.0104157
8.6  0.00257275
8.8  -0.00514505
9  -0.00602916
9.2  0.000260255
9.4  0.00753439
9.6  0.0116136
9.8  0.0126311
10  0.0121642
10.2  0.0114043
10.4  0.0109088
10.6  0.0107962
10.8  0.0109478
11  0.0111792
11.2  0.0113589
11.4  0.0114458
11.6  0.0114637
11.8  0.0114564
12  0.0114551
12.2  0.0114629
12.4  0.0114537
12.6  0.0113841
12.8  0.0112228
13  0.0109942
13.2  0.0108117
13.4  0.0108563
13.6  0.0112728
13.8  0.0120064
14  0.0126074
14.2  0.0120212
14.4  0.00867031
14.6  0.00187578
14.8  -0.0051673
15  -0.00603607
15.2  0.00075391
15.4  0.00909039
15.6  0.0138258
15.8  0.0148943
16  0.0142471
16.2  0.0133255
16.4  0.0127499
16.6  0.0127026
16.8  0.0131939
17  0.0140831
17.2  0.0148532
17.4  0.0142189
17.6  0.0102135
17.8  0.00227738
18  -0.00531167
18.2  -0.00591068
18.4  0.000521263
18.6  0.00772868
18.8  0.0116881
19  0.012631
19.2  0.0121392
19.4  0.0113821
19.6  0.0108992
19.8  0.010798
20  0.0109552
20.2  0.0111865
20.4  0.0113632
20.6  0.0114473
20.8  0.0114637
21  0.0114562
21.2  0.0114553
21.4  0.0114631
21.6  0.0114526
21.8  0.0113803
22  0.0112159
22.2  0.0109865
22.4  0.0108085
22.6  0.0108637
22.8  0.0112931
23  0.0120324
23.2  0.0126148
23.4  0.0119635
23.6  0.00849707
23.8  0.00161478
24  -0.00532699
24.2  -0.00591493
24.4  0.00104618
24.6  0.00931692
24.8  0.0139101
25  0.0148898
25.2  0.0142157
25.4  0.0132991
25.6  0.0127395
25.8  0.0127105
26  0.0132184
26.2  0.014115
26.4  0.0148644
26.6  0.0141512
26.8  0.0100065
27  0.00198202
27.2  -0.00546987
27.4  -0.00578381
27.6  0.000782771
27.8  0.00791897
28  0.0117592
28.2  0.0126293
28.4  0.0121139
28.6  0.0113603
28.8  0.01089
29  0.0108001
29.2  0.0109626
29.4  0.0111936
29.6  0.0113675
29.8  0.0114487
30  0.0114636
30.2  0.011456
30.4  0.0114555
30.6  0.0114633
30.8  0.0114514
31  0.0113764
31.2  0.011209
31.4  0.0109789
31.6  0.0108056
31.8  0.0108715
32  0.0113138
32.2  0.0120582
32.4  0.0126208
32.6  0.0119028
32.8  0.00831971
33  0.00135329
33.2  -0.00547919
33.4  -0.00578466
33.6  0.00133965
33.8  0.00953888
34  0.0139903
34.2  0.0148836
34.4  0.0141842
34.6  0.0132733
34.8  0.0127297
35  0.012719
35.2  0.0132433
35.4  0.0141468
35.6  0.0148741
35.8  0.0140797
36  0.00979472
36.2  0.00168694
36.4  -0.00561948
36.6  -0.00564875
36.8  0.00104453
37  0.00810524
37.2  0.011827
37.4  0.0126263
37.6  0.0120884
37.8  0.0113387
38  0.0108813
38.2  0.0108025
38.4  0.01097
38.6  0.0112007
38.8  0.0113716
39  0.01145
39.2  0.0114634
39.4  0.0114558
39.6  0.0114557
39.8  0.0114634
40  0.0114502
40.2  0.0113723
40.4  0.011202
40.6  0.0109714
40.8  0.0108029
41  0.0108797
41.2  0.0113349
41.4  0.0120838
41.6  0.0126255
41.8  0.0118388
42  0.00813825
42.2  0.00109154
42.4  -0.00562365
42.6  -0.00564542
42.8  0.00163402
43  0.0097562
43.2  0.0140664
43.4  0.0148757
43.6  0.0141525
43.8  0.0132478
44  0.0127205
44.2  0.012728
44.4  0.0132687
44.6  0.0141785
44.8  0.0148823
45  0.0140042
45.2  0.00957825
45.4  0.00139244
45.6  -0.00576032
45.8  -0.0055057
46  0.00130631
46.2  0.00828743
46.4  0.0118915
46.6  0.0126218
46.8  0.0120628
47  0.0113176
47.2  0.0108729
47.4  0.0108051
47.6  0.0109776
47.8  0.0112077
48  0.0113756
48.2  0.0114512
48.4  0.0114633
48.6  0.0114556
48.8  0.0114559
49  0.0114635
49.2  0.0114489
49.4  0.0113682
49.6  0.0111949
49.8  0.0109639
50  0.0108005
50.2  0.0108884
50.4  0.0113564
50.6  0.0121093
50.8  0.0126289
51  0.0117716
51.2  0.00795272
51.4  0.000829759
51.6  -0.00576016
51.8  -0.00549737
52  0.00192901
52.2  0.00996882
52.4  0.0141387
52.6  0.0148663
52.8  0.0141207
53  0.0132228
53.2  0.012712
53.4  0.0127377
53.6  0.0132945
53.8  0.0142101
54  0.0148888
54.2  0.0139248
54.4  0.00935712
54.6  0.00109879
54.8  -0.00589221
55  -0.00535488
55.2  0.00156786
55.4  0.00846553
55.6  0.0119529
55.8  0.0126159
56  0.012037
56.2  0.0112968
56.4  0.0108651
56.6  0.010808
56.8  0.0109852
57  0.0112147
57.2  0.0113796
57.4  0.0114524
57.6  0.0114631
57.8  0.0114554
58  0.0114562
58.2  0.0114636
58.4  0.0114475
58.6  0.011364
58.8  0.0111878
59  0.0109565
59.2  0.0107984
59.4  0.0108975
59.6  0.0113782
59.8  0.0121347
60  0.0126308
60.2  0.0117011
60.4  0.00776314
60.6  0.000568188
60.8  -0.00588852
61  -0.0053407
61.2  0.00222433
61.4  0.0101767
61.6  0.014207
61.8  0.0148553
62  0.0140889
62.2  0.0131983
62.4  0.012704
62.6  0.012748
62.8  0.0133207
63  0.0142415
63.2  0.0148936
63.4  0.0138412
63.6  0.0091314
63.8  0.000806287
64  -0.006015
64.2  -0.00519652
64.4  0.00182896
64.6  0.00863951
64.8  0.012011
65  0.0126088
65.2  0.0120111
65.4  0.0112764
65.6  0.0108576
65.8  0.0108112
66  0.0109928
66.2  0.0112215
66.4  0.0113834
66.6  0.0114535
66.8  0.011463
67  0.0114552
67.2  0.0114564
67.4  0.0114637
67.6  0.0114461
67.8  0.0113597
68  0.0111805
68.2  0.0109492
68.4  0.0107965
68.6  0.0109071
68.8  0.0114003
69  0.0121597
69.2  0.0126312
69.4  0.0116272
69.6  0.00756956
69.8  0.000307072
70  -0.00600852
70.2  -0.00517558
70.4  0.00251973
70.6  0.0103797
70.8  0.0142716
71  0.0148429
71.2  0.0140569
71.4  0.0131742
71.6  0.0126966
71.8  0.0127588
72  0.0133474
72.2  0.0142726
72.4  0.0148966
72.6  0.0137535
72.8  0.00890117
73  0.000515213
73.2  -0.00612854
73.4  -0.00503084
73.6  0.00208939
73.8  0.00880934
74  0.0120661
74.2  0.0126004
74.4  0.0119851
74.6  0.0112564
74.8  0.0108506
75  0.0108146
75.2  0.0110005
75.4  0.0112283
75.6  0.0113871
75.8  0.0114545
76  0.0114628
76.2  0.011455
76.4  0.0114567
76.6  0.0114638
76.8  0.0114446
77  0.0113552
77.2  0.0111733
77.4  0.0109419
77.6  0.010795
77.8  0.010917
78  0.0114228
78.2  0.0121846
78.4  0.01263
78.6  0.0115499
78.8  0.00737204
79  4.66626e-05
79.2  -0.00611997
79.4  -0.00500222
79.6  0.00281492
79.8  0.010578
80  0.0143325
80.2  0.014829
80.4  0.0140249
80.6  0.0131506
80.8  0.0126898
81  0.0127703
81.2  0.0133744
81.4  0.0143035
81.6  0.0148978
81.8  0.0136616
82  0.0086665
82.2  0.000225866
82.4  -0.0062327
82.6  -0.00485809
82.8  0.00234892
83  0.00897501
83.2  0.0121182
83.4  0.0125909
83.6  0.011959
83.8  0.0112367
84  0.010844
84.2  0.0108182
84.4  0.0110082
84.6  0.011235
84.8  0.0113907
85  0.0114555
85.2  0.0114626
85.4  0.0114548
85.6  0.0114569
85.8  0.0114638
86  0.011443
86.2  0.0113507
86.4  0.0111659
86.6  0.0109347
86.8  0.0107937
87  0.0109275
87.2  0.0114455
87.4  0.0122091
87.6  0.0126272
87.8  0.0114691
88  0.00717061
88.2  -0.000212784
88.4  -0.0062227
88.6  -0.00482084
88.8  0.00310964
89  0.0107713
89.2  0.0143898
89.4  0.0148139
89.6  0.0139929
89.8  0.0131274
90  0.0126836
90.2  0.0127823
90.4  0.0134019
90.6  0.0143342
90.8  0.014897
91  0.0135655
91.2  0.0084275
91.4  -6.14556e-05
91.6  -0.00632737
91.8  -0.00467851
92  0.00260735
92.2  0.00913652
92.4  0.0121673
92.6  0.0125802
92.8  0.0119329
93  0.0112175
93.2  0.0108378
93.4  0.0108221
93.6  0.011016
93.8  0.0112416
94  0.0113942
94.2  0.0114564
94.4  0.0114623
94.6  0.0114547
94.8  0.0114572
95  0.0114638
95.2  0.0114413
95.4  0.011346
95.6  0.0111585
95.8  0.0109276
96  0.0107928
96.2  0.0109383
96.4  0.0114686
96.6  0.0122334
96.8  0.0126228
97  0.0113847
97.2  0.00696535
97.4  -0.000471008
97.6  -0.00631654
97.8  -0.00463165
98  0.00340364
98.2  0.0109598
98.4  0.0144435
98.6  0.0147975
98.8  0.013961
99  0.0131048
99.2  0.012678
99.4  0.0127949
99.6  0.0134297
99.8  0.0143645
100  0.0148942
100.2  0.0134649
100.4  0.00818425
100.6  -0.000346452
100.8  -0.00641244
101  -0.00449236
101.2  0.00286447
101.4  0.00929386
101.6  0.0122136
101.8  0.0125684
102  0.0119068
102.2  0.0111986
102.4  0.010832
102.6  0.0108262
102.8  0.0110237
103  0.0112481
103.2  0.0113976
103.4  0.0114572
103.6  0.0114621
103.8  0.0114546
104  0.0114574
104.2  0.0114637
104.4  0.0114395
104.6  0.0113413
104.8  0.011151
105  0.0109207
105.2  0.0107921
105.4  0.0109496
105.6  0.011492
105.8  0.0122572
106  0.0126166
106.2  0.0112968
106.4  0.0067563
106.6  -0.000727744
106.8  -0.00640132
107  -0.00443488
107.2  0.00369666
107.4  0.0111433
107.6  0.0144937
107.8  0.0147798
108  0.013929
108.2  0.0130827
108.4  0.012673
108.6  0.0128081
108.8  0.0134579
109  0.0143944
109.2  0.0148894
109.4  0.01336
109.6  0.00793686
109.8  -0.000628821
110  -0.00648782
110.2  -0.00429989
110.4  0.00312009
110.6  0.00944703
110.8  0.012257
111  0.0125556
111.2  0.0118806
111.4  0.0111802
111.6  0.0108266
111.8  0.0108306
112  0.0110315
112.2  0.0112546
112.4  0.0114009
112.6  0.011458
112.8  0.0114619
113  0.0114544
113.2  0.0114577
113.4  0.0114637
113.6  0.0114377
113.8  0.0113364
114  0.0111435
114.2  0.0109138
114.4  0.0107918
114.6  0.0109614
114.8  0.0115157
115  0.0122808
115.2  0.0126087
115.4  0.0112051
115.6  0.00654356
115.8  -0.000982725
116  -0.00647691
116.2  -0.00423077
116.4  0.00398845
116.6  0.0113219
116.8  0.0145406
117  0.014761
117.2  0.0138972
117.4  0.013061
117.6  0.0126686
117.8  0.0128218
118  0.0134865
118.2  0.014424
118.4  0.0148824
118.6  0.0132506
118.8  0.00768545
119  -0.000908261
119.2  -0.00655342
119.4  -0.00410138
119.6  0.00337402
119.8  0.00959604
120  0.0122977
120.2  0.0125417
120.4  0.0118545
120.6  0.0111621
120.8  0.0108217
121  0.0108351
121.2  0.0110394
121.4  0.0112609
121.6  0.0114041
121.8  0.0114588
122  0.0114616
122.2  0.0114543
122.4  0.011458
122.6  0.0114636
122.8  0.0114357
123  0.0113315
123.2  0.011136
123.4  0.010907
123.6  0.0107918
123.8  0.0109736
124  0.0115396
124.2  0.0123038
124.4  0.0125989
124.6  0.0111098
124.8  0.00632719
125  -0.00123568
125.2  -0.00654316
125.4  -0.00401958
125.6  0.00427878
125.8  0.0114956
126  0.0145841
126.2  0.0147412
126.4  0.0138654
126.6  0.0130399
126.8  0.0126649
127  0.0128362
127.2  0.0135154
127.4  0.0144531
127.6  0.0148732
127.8  0.0131366
128  0.00743013
128.2  -0.00118447
128.4  -0.00660919
128.6  -0.00389707
128.8  0.00362607
129  0.00974089
129.2  0.0123356
129.4  0.0125269
129.6  0.0118285
129.8  0.0111445
130  0.0108171
130.2  0.0108399
130.4  0.0110472
130.6  0.0112671
130.8  0.0114072
131  0.0114594
131.2  0.0114613
131.4  0.0114543
131.6  0.0114583
131.8  0.0114634
132  0.0114337
132.2  0.0113264
132.4  0.0111284
132.6  0.0109004
132.8  0.0107922
133  0.0109862
133.2  0.0115639
133.4  0.0123265
133.6  0.0125872
133.8  0.0110107
134  0.00610728
134.2  -0.00148633
134.4  -0.00659997
134.6  -0.00380155
134.8  0.00456742
135  0.0116644
135.2  0.0146244
135.4  0.0147203
135.6  0.0138338
135.8  0.0130193
136  0.0126617
136.2  0.0128511
136.4  0.0135446
136.6  0.0144817
136.8  0.0148617
137  0.0130181
137.2  0.00717104
137.4  -0.00145714
137.6  -0.00665508
137.8  -0.00368726
138  0.00387607
138.2  0.00988159
138.4  0.012371
138.6  0.0125113
138.8  0.0118025
139  0.0111273
139.2  0.0108129
139.4  0.0108449
139.6  0.011055
139.8  0.0112733
140  0.0114102
140.2  0.01146
140.4  0.0114611
140.6  0.0114542
140.8  0.0114586
141  0.0114632
141.2  0.0114316
141.4  0.0113212
141.6  0.0111207
141.8  0.0108939
142  0.0107928
142.2  0.0109993
142.4  0.0115883
142.6  0.0123487
142.8  0.0125735
143  0.0109078
143.2  0.00588393
143.4  -0.0017344
143.6  -0.00664721
143.8  -0.00357695
144  0.00485415
144.2  0.0118282
144.4  0.0146616
144.6  0.0146984
144.8  0.0138023
145  0.0129992
145.2  0.0126591
145.4  0.0128666
145.6  0.0135741
145.8  0.0145099
146  0.0148478
146.2  0.012895
146.4  0.00690831
146.6  -0.00172596
146.8  -0.00669105
147  -0.0034722
147.2  0.00412386
147.4  0.0100182
147.6  0.0124038
147.8  0.0124947
148  0.0117766
148.2  0.0111105
148.4  0.0108091
148.6  0.01085
148.8  0.0110628
149  0.0112793
149.2  0.0114131
149.4  0.0114606
149.6  0.0114608
149.8  0.0114541
150  0.0114589
150.2  0.011463
150.4  0.0114294
150.6  0.0113159
150.8  0.011113
151  0.0108875
151.2  0.0107939
151.4  0.0110128
151.6  0.011613
151.8  0.0123703
152  0.0125578
152.2  0.0108011
152.4  0.00565723
152.6  -0.00197961
152.8  -0.0066848
153  -0.00334605
153.2  0.00513874
153.4  0.0119872
153.6  0.0146957
153.8  0.0146756
154  0.0137709
154.2  0.0129796
154.4  0.0126572
154.6  0.0128826
154.8  0.013604
155  0.0145374
155.2  0.0148314
155.4  0.0127671
155.6  0.0066421
155.8  -0.00199065
156  -0.00671709
156.2  -0.00325219
156.4  0.00436926
156.6  0.0101506
156.8  0.012434
157  0.0124773
157.2  0.0117508
157.4  0.0110942
157.6  0.0108058
157.8  0.0108554
158  0.0110707
158.2  0.0112853
158.4  0.0114159
158.6  0.0114611
158.8  0.0114605
159  0.0114541
159.2  0.0114592
159.4  0.0114628
159.6  0.0114271
159.8  0.0113105
160  0.0111053
160.2  0.0108812
160.4  0.0107952
160.6  0.0110268
160.8  0.0116379
161  0.0123914
161.2  0.01254
161.4  0.0106905
161.6  0.00542729
161.8  -0.00222169
162  -0.00671264
162.2  -0.00310912
162.4  0.005421
162.6  0.0121412
162.8  0.0147269
163  0.0146519
163.2  0.0137398
163.4  0.0129606
163.6  0.0126558
163.8  0.0128992
164  0.0136341
164.2  0.0145644
164.4  0.0148125
164.6  0.0126345
164.8  0.00637255
165  -0.00225089
165.2  -0.00673317
165.4  -0.0030275
165.6  0.00461213
165.8  0.010279
166  0.0124619
166.2  0.0124592
166.4  0.0117251
166.6  0.0110783
166.8  0.0108028
167  0.0108609
167.2  0.0110785
167.4  0.0112911
167.6  0.0114186
167.8  0.0114616
168  0.0114602
168.2  0.0114541
168.4  0.0114595
168.6  0.0114625
168.8  0.0114248
169  0.011305
169.2  0.0110975
169.4  0.0108752
169.6  0.010797
169.8  0.0110412
170  0.011663
170.2  0.0124119
170.4  0.0125201
170.6  0.0105759
170.8  0.00519422
171  -0.00246033
171.2  -0.00673068
171.4  -0.00286645
171.6  0.00570071
171.8  0.0122903
172  0.0147551
172.2  0.0146274
172.4  0.0137088
172.6  0.0129421
172.8  0.0126551
173  0.0129163
173.2  0.0136645
173.4  0.0145907
173.6  0.014791
173.8  0.0124972
174  0.00609984
174.2  -0.00250639
174.4  -0.00673931
174.6  -0.00279841
174.8  0.00485231
175  0.0104034
175.2  0.0124873
175.4  0.0124403
175.6  0.0116996
175.8  0.0110628
176  0.0108001
176.2  0.0108666
176.4  0.0110863
176.6  0.0112969
176.8  0.0114212
177  0.011462
177.2  0.0114599
177.4  0.011454
177.6  0.0114598
177.8  0.0114621
178  0.0114223
178.2  0.0112994
178.4  0.0110898
178.6  0.0108692
178.8  0.0107991
179  0.0110561
179.2  0.0116883
179.4  0.0124317
179.6  0.0124979
179.8  0.0104573
180  0.00495814
180.2  -0.00269528
180.4  -0.00673885
180.6  -0.00261832
180.8  0.00597769
181  0.0124346
181.2  0.0147806
181.4  0.0146021
181.6  0.0136781
181.8  0.0129241
182  0.0126549
182.2  0.0129341
182.4  0.0136951
182.6  0.0146163
182.8  0.0147668
183  0.012355
183.2  0.00582413
183.4  -0.00275685
183.6  -0.00673553
183.8  -0.0025652
184  0.00508968
184.2  0.0105237
184.4  0.0125105
184.6  0.0124208
184.8  0.0116742
185  0.0110477
185.2  0.0107979
185.4  0.0108725
185.6  0.0110941
185.8  0.0113025
186  0.0114237
186.2  0.0114623
186.4  0.0114596
186.6  0.0114541
186.8  0.0114601
187  0.0114617
187.2  0.0114197
187.4  0.0112937
187.6  0.011082
187.8  0.0108634
188  0.0108015
188.2  0.0110713
188.4  0.0117137
188.6  0.0124509
188.8  0.0124735
189  0.0103348
189.2  0.00471919
189.4  -0.00292623
189.6  -0.00673712
189.8  -0.00236502
190  0.00625176
190.2  0.0125741
190.4  0.0148033
190.6  0.0145761
190.8  0.0136476
191  0.0129067
191.2  0.0126554
191.4  0.0129523
191.6  0.013726
191.8  0.0146411
192  0.0147398
192.2  0.0122081
192.4  0.00554561
192.6  -0.00300199
192.8  -0.00672187
193  -0.00232817
193.2  0.0053241
193.4  0.01064
193.6  0.0125314
193.8  0.0124006
194  0.011649
194.2  0.0110331
194.4  0.010796
194.6  0.0108785
194.8  0.0111019
195  0.0113081
195.2  0.0114261
195.4  0.0114626
195.6  0.0114593
195.8  0.0114541
196  0.0114604
196.2  0.0114613
196.4  0.0114171
196.6  0.0112879
196.8  0.0110742
197  0.0108578
197.2  0.0108044
197.4  0.0110871
197.6  0.0117394
197.8  0.0124694
198  0.0124467
198.2  0.0102082
198.4  0.00447749
198.6  -0.00315291
198.8  -0.00672546
199  -0.00210685
199.2  0.00652273
199.4  0.0127088
199.6  0.0148233
199.8  0.0145495
200  0.0136173
