0.0000000000e+00  0.0000000000e+00 0.0000000000e+00 0.0000000000e+00
1.0000000000e-01  -2.1553111518e-06 -2.1604900473e-06 -2.1604862416e-06
2.0000000000e-01  -4.3626302792e-06 -4.3835784895e-06 -4.3835630241e-06
3.0000000000e-01  -6.6866313517e-06 -6.7346427498e-06 -6.7346070303e-06
4.0000000000e-01  -9.1972103390e-06 -9.2848010507e-06 -9.2847351779e-06
5.0000000000e-01  -1.1972732934e-05 -1.2114239099e-05 -1.2114131191e-05
6.0000000000e-01  -1.5103832392e-05 -1.5316128005e-05 -1.5315963338e-05
7.0000000000e-01  -1.8698022635e-05 -1.9001409390e-05 -1.9001169283e-05
8.0000000000e-01  -2.2885465677e-05 -2.3304802707e-05 -2.3304463024e-05
9.0000000000e-01  -2.7826340469e-05 -2.8392504935e-05 -2.8392034040e-05
1.0000000000e+00  -3.3720415703e-05 -3.4472218312e-05 -3.4471574253e-05
1.1000000000e+00  -4.0819652073e-05 -4.1806379166e-05 -4.1805505726e-05
1.2000000000e+00  -4.9444979629e-05 -5.0729802142e-05 -5.0728623268e-05
1.3000000000e+00  -6.0008858404e-05 -6.1673447821e-05 -6.1671859658e-05
1.4000000000e+00  -7.3045903515e-05 -7.5196741248e-05 -7.5194600650e-05
1.5000000000e+00  -8.9254844009e-05 -9.2031927465e-05 -9.2029035227e-05
1.6000000000e+00  -1.0955654983e-04 -1.1314552292e-04 -1.1314159905e-04
1.7000000000e+00  -1.3517505690e-04 -1.3982428463e-04 -1.3981893143e-04
1.8000000000e+00  -1.6775184929e-04 -1.7379671087e-04 -1.7378935711e-04
1.9000000000e+00  -2.0950876786e-04 -2.1740661768e-04 -2.1739643300e-04
2.0000000000e+00  -2.6348286460e-04 -2.7386396667e-04 -2.7384972849e-04
2.1000000000e+00  -3.3386906886e-04 -3.4761179179e-04 -3.4759167489e-04
2.2000000000e+00  -4.2652663908e-04 -4.4487007455e-04 -4.4484131254e-04
2.3000000000e+00  -5.4973814379e-04 -5.7445344352e-04 -5.7441177372e-04
2.4000000000e+00  -7.1536409494e-04 -7.4901968524e-04 -7.4895841874e-04
2.5000000000e+00  -9.4062839827e-04 -9.8700844754e-04 -9.8691687358e-04
2.6000000000e+00  -1.2509289752e-03 -1.3157079555e-03 -1.3155685296e-03
2.7000000000e+00  -1.6843498517e-03 -1.7762064720e-03 -1.7759897075e-03
2.8000000000e+00  -2.2990635672e-03 -2.4315714188e-03 -2.4312262788e-03
2.9000000000e+00  -3.1857716706e-03 -3.3807106719e-03 -3.3801457642e-03
3.0000000000e+00  -4.4891818783e-03 -4.7825523937e-03 -4.7815974545e-03
3.1000000000e+00  -6.4462125397e-03 -6.8996248550e-03 -6.8979476929e-03
3.2000000000e+00  -9.4562221223e-03 -1.0179522676e-02 -1.0176439800e-02
3.3000000000e+00  -1.4214617285e-02 -1.5413271842e-02 -1.5407293010e-02
3.4000000000e+00  -2.1974771898e-02 -2.4054342502e-02 -2.4042047982e-02
3.5000000000e+00  -3.5063253590e-02 -3.8865642771e-02 -3.8839266468e-02
3.6000000000e+00  -5.7766903605e-02 -6.5037403086e-02 -6.4986537592e-02
3.7000000000e+00  -9.6199613974e-02 -1.0919853183e-01 -1.0924726381e-01
3.8000000000e+00  -1.3265826993e-01 -1.2705825417e-01 -1.2998142347e-01
3.9000000000e+00  3.8690884373e-01 1.0422775143e+00 1.1364982581e+00
4.0000000000e+00  1.8500317625e+01 -3.7685036926e+01 -4.4752774240e+02
4.1000000000e+00  8.0581839768e+02 5.0147487091e+04 -3.7261953188e+06
4.2000000000e+00  3.2196763215e+04 3.2196726549e+04 3.2198117330e+04
4.3000000000e+00  3.2196755806e+04 3.2196755806e+04 3.2196755807e+04
4.4000000000e+00  3.2196755806e+04 3.2196755806e+04 3.2196755806e+04
4.5000000000e+00  3.2196755806e+04 3.2196755806e+04 3.2196755806e+04
4.6000000000e+00  3.2196755806e+04 3.2196755806e+04 3.2196755806e+04
4.7000000000e+00  3.2196755806e+04 3.2196755806e+04 3.2196755806e+04
4.8000000000e+00  3.2196755806e+04 3.2196755806e+04 3.2196755806e+04
4.9000000000e+00  3.2196755806e+04 3.2196755806e+04 3.2196755806e+04
5.0000000000e+00  3.2196755806e+04 3.2196755806e+04 3.2196755806e+04
5.1000000000e+00  3.2196755806e+04 3.2196755806e+04 3.2196755806e+04
5.2000000000e+00  3.2196755806e+04 3.2196755806e+04 3.2196755806e+04
5.3000000000e+00  3.2196755806e+04 3.2196755806e+04 3.2196755806e+04
5.4000000000e+00  3.2196755806e+04 3.2196755806e+04 3.2196755806e+04
5.5000000000e+00  3.2196755806e+04 3.2196755806e+04 3.2196755806e+04
5.6000000000e+00  3.2196755806e+04 3.2196755806e+04 3.2196755806e+04
5.7000000000e+00  3.2196755806e+04 3.2196755806e+04 3.2196755806e+04
5.8000000000e+00  3.2196755806e+04 3.2196755806e+04 3.2196755806e+04
5.9000000000e+00  3.2196755806e+04 3.2196755806e+04 3.2196755806e+04
6.0000000000e+00  3.2196755806e+04 3.2196755806e+04 3.2196755806e+04
6.1000000000e+00  3.2196755806e+04 3.2196755806e+04 3.2196755806e+04
6.2000000000e+00  3.2196755806e+04 3.2196755806e+04 3.2196755806e+04
6.3000000000e+00  3.2196755806e+04 3.2196755806e+04 3.2196755806e+04
6.4000000000e+00  3.2196755806e+04 3.2196755806e+04 3.2196755806e+04
6.5000000000e+00  3.2196755806e+04 3.2196755806e+04 3.2196755806e+04
6.6000000000e+00  3.2196755806e+04 3.2196755806e+04 3.2196755806e+04
6.7000000000e+00  3.2196755806e+04 3.2196755806e+04 3.2196755806e+04
6.8000000000e+00  3.2196755806e+04 3.2196755806e+04 3.2196755806e+04
6.9000000000e+00  3.2196755806e+04 3.2196755806e+04 3.2196755806e+04
7.0000000000e+00  3.2196755806e+04 3.2196755806e+04 3.2196755806e+04
7.1000000000e+00  3.2196755806e+04 3.2196755806e+04 3.2196755806e+04
7.2000000000e+00  3.2196755806e+04 3.2196755806e+04 3.2196755806e+04
7.3000000000e+00  3.2196755806e+04 3.2196755806e+04 3.2196755806e+04
7.4000000000e+00  3.2196755806e+04 3.2196755806e+04 3.2196755806e+04
7.5000000000e+00  3.2196755806e+04 3.2196755806e+04 3.2196755806e+04
7.6000000000e+00  3.2196755806e+04 3.2196755806e+04 3.2196755806e+04
7.7000000000e+00  3.2196755806e+04 3.2196755806e+04 3.2196755806e+04
7.8000000000e+00  3.2196755806e+04 3.2196755806e+04 3.2196755806e+04
7.9000000000e+00  3.2196755806e+04 3.2196755806e+04 3.2196755806e+04
8.0000000000e+00  3.2196755806e+04 3.2196755806e+04 3.2196755806e+04
8.1000000000e+00  3.2196755806e+04 3.2196755806e+04 3.2196755806e+04
8.2000000000e+00  3.2196755806e+04 3.2196755806e+04 3.2196755806e+04
8.3000000000e+00  3.2196755806e+04 3.2196755806e+04 3.2196755806e+04
8.4000000000e+00  3.2196755806e+04 3.2196755806e+04 3.2196755806e+04
8.5000000000e+00  3.2196755806e+04 3.2196755806e+04 3.2196755806e+04
8.6000000000e+00  3.2196755806e+04 3.2196755806e+04 3.2196755806e+04
8.7000000000e+00  3.2196755806e+04 3.2196755806e+04 3.2196755806e+04
8.8000000000e+00  3.2196755806e+04 3.2196755806e+04 3.2196755806e+04
8.9000000000e+00  3.2196755806e+04 3.2196755806e+04 3.2196755806e+04
9.0000000000e+00  3.2196755806e+04 3.2196755806e+04 3.2196755806e+04
9.1000000000e+00  3.2196755806e+04 3.2196755806e+04 3.2196755806e+04
9.2000000000e+00  3.2196755806e+04 3.2196755806e+04 3.2196755806e+04
9.3000000000e+00  3.2196755806e+04 3.2196755806e+04 3.2196755806e+04
9.4000000000e+00  3.2196755806e+04 3.2196755806e+04 3.2196755806e+04
9.5000000000e+00  3.2196755806e+04 3.2196755806e+04 3.2196755806e+04
9.6000000000e+00  3.2196755806e+04 3.2196755806e+04 3.2196755806e+04
9.7000000000e+00  3.2196755806e+04 3.2196755806e+04 3.2196755806e+04
9.8000000000e+00  3.2196755806e+04 3.2196755806e+04 3.2196755806e+04
9.9000000000e+00  3.2196755806e+04 3.2196755806e+04 3.2196755806e+04
1.0000000000e+01  3.2196755806e+04 3.2196755806e+04 3.2196755806e+04
1.0100000000e+01  3.2196755806e+04 3.2196755806e+04 3.2196755806e+04
1.0200000000e+01  3.2196755806e+04 3.2196755806e+04 3.2196755806e+04
1.0300000000e+01  3.2196755806e+04 3.2196755806e+04 3.2196755806e+04
1.0400000000e+01  3.2196755806e+04 3.2196755806e+04 3.2196755806e+04
1.0500000000e+01  3.2196755806e+04 3.2196755806e+04 3.2196755806e+04
1.0600000000e+01  3.2196755806e+04 3.2196755806e+04 3.2196755806e+04
1.0700000000e+01  3.2196755806e+04 3.2196755806e+04 3.2196755806e+04
1.0800000000e+01  3.2196755806e+04 3.2196755806e+04 3.2196755806e+04
1.0900000000e+01  3.2196755806e+04 3.2196755806e+04 3.2196755806e+04
1.1000000000e+01  3.2196755806e+04 3.2196755806e+04 3.2196755806e+04
1.1100000000e+01  3.2196755806e+04 3.2196755806e+04 3.2196755806e+04
1.1200000000e+01  3.2196755806e+04 3.2196755806e+04 3.2196755806e+04
1.1300000000e+01  3.2196755806e+04 3.2196755806e+04 3.2196755806e+04
1.1400000000e+01  3.2196755806e+04 3.2196755806e+04 3.2196755806e+04
1.1500000000e+01  3.2196755806e+04 3.2196755806e+04 3.2196755806e+04
1.1600000000e+01  3.2196755806e+04 3.2196755806e+04 3.2196755806e+04
1.1700000000e+01  3.2196755806e+04 3.2196755806e+04 3.2196755806e+04
1.1800000000e+01  3.2196755806e+04 3.2196755806e+04 3.2196755806e+04
1.1900000000e+01  3.2196755806e+04 3.2196755806e+04 3.2196755806e+04
1.2000000000e+01  3.2196755806e+04 3.2196755806e+04 3.2196755806e+04
1.2100000000e+01  3.2196755806e+04 3.2196755806e+04 3.2196755806e+04
1.2200000000e+01  3.2196755806e+04 3.2196755806e+04 3.2196755806e+04
1.2300000000e+01  3.2196755806e+04 3.2196755806e+04 3.2196755806e+04
1.2400000000e+01  3.2196755806e+04 3.2196755806e+04 3.2196755806e+04
1.2500000000e+01  3.2196755806e+04 3.2196755806e+04 3.2196755806e+04
1.2600000000e+01  3.2196755806e+04 3.2196755806e+04 3.2196755806e+04
1.2700000000e+01  3.2196755806e+04 3.2196755806e+04 3.2196755806e+04
1.2800000000e+01  3.2196755806e+04 3.2196755806e+04 3.2196755806e+04
1.2900000000e+01  3.2196755806e+04 3.2196755806e+04 3.2196755806e+04
1.3000000000e+01  3.2196755806e+04 3.2196755806e+04 3.2196755806e+04
1.3100000000e+01  3.2196755806e+04 3.2196755806e+04 3.2196755806e+04
1.3200000000e+01  3.2196755806e+04 3.2196755806e+04 3.2196755806e+04
1.3300000000e+01  3.2196755806e+04 3.2196755806e+04 3.2196755806e+04
1.3400000000e+01  3.2196755806e+04 3.2196755806e+04 3.2196755806e+04
1.3500000000e+01  3.2196755806e+04 3.2196755806e+04 3.2196755806e+04
1.3600000000e+01  3.2196755806e+04 3.2196755806e+04 3.2196755806e+04
1.3700000000e+01  3.2196755806e+04 3.2196755806e+04 3.2196755806e+04
1.3800000000e+01  3.2196755806e+04 3.2196755806e+04 3.2196755806e+04
1.3900000000e+01  3.2196755806e+04 3.2196755806e+04 3.2196755806e+04
1.4000000000e+01  3.2196755806e+04 3.2196755806e+04 3.2196755806e+04
1.4100000000e+01  3.2196755806e+04 3.2196755806e+04 3.2196755806e+04
1.4200000000e+01  3.2196755806e+04 3.2196755806e+04 3.2196755806e+04
1.4300000000e+01  3.2196755806e+04 3.2196755806e+04 3.2196755806e+04
1.4400000000e+01  3.2196755806e+04 3.2196755806e+04 3.2196755806e+04
1.4500000000e+01  3.2196755806e+04 3.2196755806e+04 3.2196755806e+04
1.4600000000e+01  3.2196755806e+04 3.2196755806e+04 3.2196755806e+04
1.4700000000e+01  3.2196755806e+04 3.2196755806e+04 3.2196755806e+04
1.4800000000e+01  3.2196755806e+04 3.2196755806e+04 3.2196755806e+04
1.4900000000e+01  3.2196755806e+04 3.2196755806e+04 3.2196755806e+04
1.5000000000e+01  3.2196755806e+04 3.2196755806e+04 3.2196755806e+04
1.5100000000e+01  3.2196755806e+04 3.2196755806e+04 3.2196755806e+04
1.5200000000e+01  3.2196755806e+04 3.2196755806e+04 3.2196755806e+04
1.5300000000e+01  3.2196755806e+04 3.2196755806e+04 3.2196755806e+04
1.5400000000e+01  3.2196755806e+04 3.2196755806e+04 3.2196755806e+04
1.5500000000e+01  3.2196755806e+04 3.2196755806e+04 3.2196755806e+04
1.5600000000e+01  3.2196755806e+04 3.2196755806e+04 3.2196755806e+04
1.5700000000e+01  3.2196755806e+04 3.2196755806e+04 3.2196755806e+04
1.5800000000e+01  3.2196755806e+04 3.2196755806e+04 3.2196755806e+04
1.5900000000e+01  3.2196755806e+04 3.2196755806e+04 3.2196755806e+04
1.6000000000e+01  3.2196755806e+04 3.2196755806e+04 3.2196755806e+04
1.6100000000e+01  3.2196755806e+04 3.2196755806e+04 3.2196755806e+04
1.6200000000e+01  3.2196755806e+04 3.2196755806e+04 3.2196755806e+04
1.6300000000e+01  3.2196755806e+04 3.2196755806e+04 3.2196755806e+04
1.6400000000e+01  3.2196755806e+04 3.2196755806e+04 3.2196755806e+04
1.6500000000e+01  3.2196755806e+04 3.2196755806e+04 3.2196755806e+04
1.6600000000e+01  3.2196755806e+04 3.2196755806e+04 3.2196755806e+04
1.6700000000e+01  3.2196755806e+04 3.2196755806e+04 3.2196755806e+04
1.6800000000e+01  3.2196755806e+04 3.2196755806e+04 3.2196755806e+04
1.6900000000e+01  3.2196755806e+04 3.2196755806e+04 3.2196755806e+04
1.7000000000e+01  3.2196755806e+04 3.2196755806e+04 3.2196755806e+04
1.7100000000e+01  3.2196755806e+04 3.2196755806e+04 3.2196755806e+04
1.7200000000e+01  3.2196755806e+04 3.2196755806e+04 3.2196755806e+04
1.7300000000e+01  3.2196755806e+04 3.2196755806e+04 3.2196755806e+04
1.7400000000e+01  3.2196755806e+04 3.2196755806e+04 3.2196755806e+04
1.7500000000e+01  3.2196755806e+04 3.2196755806e+04 3.2196755806e+04
1.7600000000e+01  3.2196755806e+04 3.2196755806e+04 3.2196755806e+04
1.7700000000e+01  3.2196755806e+04 3.2196755806e+04 3.2196755806e+04
1.7800000000e+01  3.2196755806e+04 3.2196755806e+04 3.2196755806e+04
1.7900000000e+01  3.2196755806e+04 3.2196755806e+04 3.2196755806e+04
1.8000000000e+01  3.2196755806e+04 3.2196755806e+04 3.2196755806e+04
1.8100000000e+01  3.2196755806e+04 3.2196755806e+04 3.2196755806e+04
1.8200000000e+01  3.2196755806e+04 3.2196755806e+04 3.2196755806e+04
1.8300000000e+01  3.2196755806e+04 3.2196755806e+04 3.2196755806e+04
1.8400000000e+01  3.2196755806e+04 3.2196755806e+04 3.2196755806e+04
1.8500000000e+01  3.2196755806e+04 3.2196755806e+04 3.2196755806e+04
1.8600000000e+01  3.2196755806e+04 3.2196755806e+04 3.2196755806e+04
1.8700000000e+01  3.2196755806e+04 3.2196755806e+04 3.2196755806e+04
1.8800000000e+01  3.2196755806e+04 3.2196755806e+04 3.2196755806e+04
1.8900000000e+01  3.2196755806e+04 3.2196755806e+04 3.2196755806e+04
1.9000000000e+01  3.2196755806e+04 3.2196755806e+04 3.2196755806e+04
1.9100000000e+01  3.2196755806e+04 3.2196755806e+04 3.2196755806e+04
1.9200000000e+01  3.2196755806e+04 3.2196755806e+04 3.2196755806e+04
1.9300000000e+01  3.2196755806e+04 3.2196755806e+04 3.2196755806e+04
1.9400000000e+01  3.2196755806e+04 3.2196755806e+04 3.2196755806e+04
1.9500000000e+01  3.2196755806e+04 3.2196755806e+04 3.2196755806e+04
1.9600000000e+01  3.2196755806e+04 3.2196755806e+04 3.2196755806e+04
1.9700000000e+01  3.2196755806e+04 3.2196755806e+04 3.2196755806e+04
1.9800000000e+01  3.2196755806e+04 3.2196755806e+04 3.2196755806e+04
1.9900000000e+01  3.2196755806e+04 3.2196755806e+04 3.2196755806e+04
2.0000000000e+01  3.2196755806e+04 3.2196755806e+04 3.2196755806e+04
