0 5 -1
0.1 4.9  -1
0.2 4.8  -1
0.3 4.7  -1.00001
0.4 4.6  -1.00003
0.5 4.5  -1.00005
0.6 4.39999  -1.00007
0.7 4.29998  -1.0001
0.8 4.19997  -1.00014
0.9 4.09996  -1.00018
1 3.99994  -1.00024
1.1 3.89992  -1.00031
1.2 3.79989  -1.00039
1.3 3.69985  -1.0005
1.4 3.5998  -1.00062
1.5 3.49974  -1.00077
1.6 3.39966  -1.00095
1.7 3.29956  -1.00118
1.8 3.19945  -1.00146
1.9 3.0993  -1.00181
2 2.99912  -1.00224
2.1 2.8989  -1.00279
2.2 2.79862  -1.00348
2.3 2.69827  -1.00437
2.4 2.59783  -1.00552
2.5 2.49728  -1.00702
2.6 2.39658  -1.00899
2.7 2.29568  -1.01162
2.8 2.19452  -1.01516
2.9 2.093  -1.02002
3 1.991  -1.02675
3.1 1.88832  -1.03627
3.2 1.78469  -1.04998
3.3 1.6797  -1.07015
3.4 1.57268  -1.10054
3.5 1.46263  -1.14764
3.6 1.34786  -1.22288
3.7 1.22558  -1.34659
3.8 1.09092  -1.55026
3.9 0.935892  -1.81569
4 0.754323  -0.884252
4.1 0.665897  37.3551
4.2 4.40141  253.761
4.3 29.7775  253.761
4.4 55.1536  253.761
4.5 80.5296  253.761
4.6 105.906  253.761
4.7 131.282  253.761
4.8 156.658  253.761
4.9 182.034  253.761
5 207.41  253.761
5.1 232.786  253.761
5.2 258.162  253.761
5.3 283.538  253.761
5.4 308.914  253.761
5.5 334.29  253.761
5.6 359.666  253.761
5.7 385.043  253.761
5.8 410.419  253.761
5.9 435.795  253.761
6 461.171  253.761
6.1 486.547  253.761
6.2 511.923  253.761
6.3 537.299  253.761
6.4 562.675  253.761
6.5 588.051  253.761
6.6 613.427  253.761
6.7 638.803  253.761
6.8 664.179  253.761
6.9 689.555  253.761
7 714.931  253.761
7.1 740.308  253.761
7.2 765.684  253.761
7.3 791.06  253.761
7.4 816.436  253.761
7.5 841.812  253.761
7.6 867.188  253.761
7.7 892.564  253.761
7.8 917.94  253.761
7.9 943.316  253.761
8 968.692  253.761
8.1 994.068  253.761
8.2 1019.44  253.761
8.3 1044.82  253.761
8.4 1070.2  253.761
8.5 1095.57  253.761
8.6 1120.95  253.761
8.7 1146.32  253.761
8.8 1171.7  253.761
8.9 1197.08  253.761
9 1222.45  253.761
9.1 1247.83  253.761
9.2 1273.21  253.761
9.3 1298.58  253.761
9.4 1323.96  253.761
9.5 1349.33  253.761
9.6 1374.71  253.761
9.7 1400.09  253.761
9.8 1425.46  253.761
9.9 1450.84  253.761
10 1476.21  253.761
10.1 1501.59  253.761
10.2 1526.97  253.761
10.3 1552.34  253.761
10.4 1577.72  253.761
10.5 1603.09  253.761
10.6 1628.47  253.761
10.7 1653.85  253.761
10.8 1679.22  253.761
10.9 1704.6  253.761
11 1729.97  253.761
11.1 1755.35  253.761
11.2 1780.73  253.761
11.3 1806.1  253.761
11.4 1831.48  253.761
11.5 1856.85  253.761
11.6 1882.23  253.761
11.7 1907.61  253.761
11.8 1932.98  253.761
11.9 1958.36  253.761
12 1983.74  253.761
12.1 2009.11  253.761
12.2 2034.49  253.761
12.3 2059.86  253.761
12.4 2085.24  253.761
12.5 2110.62  253.761
12.6 2135.99  253.761
12.7 2161.37  253.761
12.8 2186.74  253.761
12.9 2212.12  253.761
13 2237.5  253.761
13.1 2262.87  253.761
13.2 2288.25  253.761
13.3 2313.62  253.761
13.4 2339  253.761
13.5 2364.38  253.761
13.6 2389.75  253.761
13.7 2415.13  253.761
13.8 2440.5  253.761
13.9 2465.88  253.761
14 2491.26  253.761
14.1 2516.63  253.761
14.2 2542.01  253.761
14.3 2567.38  253.761
14.4 2592.76  253.761
14.5 2618.14  253.761
14.6 2643.51  253.761
14.7 2668.89  253.761
14.8 2694.27  253.761
14.9 2719.64  253.761
15 2745.02  253.761
15.1 2770.39  253.761
15.2 2795.77  253.761
15.3 2821.15  253.761
15.4 2846.52  253.761
15.5 2871.9  253.761
15.6 2897.27  253.761
15.7 2922.65  253.761
15.8 2948.03  253.761
15.9 2973.4  253.761
16 2998.78  253.761
16.1 3024.15  253.761
16.2 3049.53  253.761
16.3 3074.91  253.761
16.4 3100.28  253.761
16.5 3125.66  253.761
16.6 3151.03  253.761
16.7 3176.41  253.761
16.8 3201.79  253.761
16.9 3227.16  253.761
17 3252.54  253.761
17.1 3277.91  253.761
17.2 3303.29  253.761
17.3 3328.67  253.761
17.4 3354.04  253.761
17.5 3379.42  253.761
17.6 3404.8  253.761
17.7 3430.17  253.761
17.8 3455.55  253.761
17.9 3480.92  253.761
18 3506.3  253.761
18.1 3531.68  253.761
18.2 3557.05  253.761
18.3 3582.43  253.761
18.4 3607.8  253.761
18.5 3633.18  253.761
18.6 3658.56  253.761
18.7 3683.93  253.761
18.8 3709.31  253.761
18.9 3734.68  253.761
19 3760.06  253.761
19.1 3785.44  253.761
19.2 3810.81  253.761
19.3 3836.19  253.761
19.4 3861.56  253.761
19.5 3886.94  253.761
19.6 3912.32  253.761
19.7 3937.69  253.761
19.8 3963.07  253.761
19.9 3988.44  253.761
20 4013.82  253.761
