0.0000000000e+00  0.0000000000e+00 0.0000000000e+00 0.0000000000e+00
1.0000000000e-01  -2.1553111518e-06 -2.1604900473e-06 -2.1604862416e-06
2.0000000000e-01  -4.3626681618e-06 -4.3836164639e-06 -4.3836009985e-06
3.0000000000e-01  -6.6867879718e-06 -6.7347998027e-06 -6.7347640828e-06
4.0000000000e-01  -9.1976200118e-06 -9.2852119552e-06 -9.2851460813e-06
5.0000000000e-01  -1.1973600702e-05 -1.2115109658e-05 -1.2115001747e-05
6.0000000000e-01  -1.5105460676e-05 -1.5317761855e-05 -1.5317597184e-05
7.0000000000e-01  -1.8700851403e-05 -1.9004248418e-05 -1.9004008303e-05
8.0000000000e-01  -2.2890132584e-05 -2.3309487578e-05 -2.3309147880e-05
9.0000000000e-01  -2.7833770983e-05 -2.8399965842e-05 -2.8399494919e-05
1.0000000000e+00  -3.3731958924e-05 -3.4483811781e-05 -3.4483167674e-05
1.1000000000e+00  -4.0837286950e-05 -4.1824095871e-05 -4.1823222350e-05
1.2000000000e+00  -4.9471630939e-05 -5.0756585473e-05 -5.0755406461e-05
1.3000000000e+00  -6.0048885809e-05 -6.1713687184e-05 -6.1712098787e-05
1.4000000000e+00  -7.3105866826e-05 -7.5257044373e-05 -7.5254903378e-05
1.5000000000e+00  -8.9344714738e-05 -9.2122343770e-05 -9.2119450860e-05
1.6000000000e+00  -1.0969165336e-04 -1.1328150578e-04 -1.1327758076e-04
1.7000000000e+00  -1.3537922747e-04 -1.4002988095e-04 -1.4002452578e-04
1.8000000000e+00  -1.6806262799e-04 -1.7410981974e-04 -1.7410246253e-04
1.9000000000e+00  -2.0998609647e-04 -2.1788779193e-04 -2.1787760120e-04
2.0000000000e+00  -2.6422386198e-04 -2.7461138440e-04 -2.7459713542e-04
2.1000000000e+00  -3.3503358063e-04 -3.4878716595e-04 -3.4876702944e-04
2.2000000000e+00  -4.2838223754e-04 -4.4674433055e-04 -4.4671553230e-04
2.3000000000e+00  -5.5274097248e-04 -5.7748886891e-04 -5.7744713077e-04
2.4000000000e+00  -7.2030725332e-04 -7.5402088969e-04 -7.5395949133e-04
2.5000000000e+00  -9.4892068636e-04 -9.9540632752e-04 -9.9531449253e-04
2.6000000000e+00  -1.2651319268e-03 -1.3301076260e-03 -1.3299676682e-03
2.7000000000e+00  -1.7092414272e-03 -1.8014744740e-03 -1.8012565897e-03
2.8000000000e+00  -2.3438102565e-03 -2.4770604596e-03 -2.4767128723e-03
2.9000000000e+00  -3.2685168552e-03 -3.4649708065e-03 -3.4644003174e-03
3.0000000000e+00  -4.6471132122e-03 -4.9436988019e-03 -4.9427304883e-03
3.1000000000e+00  -6.7586194326e-03 -7.2191705281e-03 -7.2174594254e-03
3.2000000000e+00  -1.0099954724e-02 -1.0839963116e-02 -1.0836788216e-02
3.3000000000e+00  -1.5605181878e-02 -1.6845409660e-02 -1.6839162433e-02
3.4000000000e+00  -2.5148884813e-02 -2.7339286943e-02 -2.7326156466e-02
3.5000000000e+00  -4.2787830235e-02 -4.6905535206e-02 -4.6876609978e-02
3.6000000000e+00  -7.7890636582e-02 -8.6043299999e-02 -8.5990409323e-02
3.7000000000e+00  -1.4985065432e-01 -1.6328336517e-01 -1.6351946888e-01
3.8000000000e+00  -1.9633761504e-01 -1.1275699784e-01 -1.1845772794e-01
3.9000000000e+00  2.6228591344e+00 4.1213573255e+00 5.5923646854e+00
4.0000000000e+00  7.7894390275e+00 7.6876669203e+00 7.6817497874e+00
4.1000000000e+00  7.4175073220e+00 7.4005027132e+00 7.4014812062e+00
4.2000000000e+00  7.3560834209e+00 7.3528461219e+00 7.3529833765e+00
4.3000000000e+00  7.3434718254e+00 7.3426670658e+00 7.3426917072e+00
4.4000000000e+00  7.3401445454e+00 7.3398996430e+00 7.3399052541e+00
4.5000000000e+00  7.3390835209e+00 7.3389966708e+00 7.3389982117e+00
4.6000000000e+00  7.3386920268e+00 7.3386572395e+00 7.3386577308e+00
4.7000000000e+00  7.3385288700e+00 7.3385132883e+00 7.3385134668e+00
4.8000000000e+00  7.3384518384e+00 7.3384437645e+00 7.3384438406e+00
4.9000000000e+00  7.3384081649e+00 7.3384026935e+00 7.3384027380e+00
5.0000000000e+00  7.3383739907e+00 7.3383682760e+00 7.3383683234e+00
5.1000000000e+00  7.3383328463e+00 7.3383238580e+00 7.3383239456e+00
5.2000000000e+00  7.3382628724e+00 7.3382449405e+00 7.3382451539e+00
5.3000000000e+00  7.3381177137e+00 7.3380768095e+00 7.3380774112e+00
5.4000000000e+00  7.3377751067e+00 7.3376708139e+00 7.3376727497e+00
5.5000000000e+00  7.3368629460e+00 7.3365613123e+00 7.3365685833e+00
5.6000000000e+00  7.3340645375e+00 7.3330406331e+00 7.3330738171e+00
5.7000000000e+00  7.3237564007e+00 7.3194640256e+00 7.3196569126e+00
5.8000000000e+00  7.2754283569e+00 7.2520096284e+00 7.2533618990e+00
5.9000000000e+00  6.9928269438e+00 6.8925514569e+00 6.8622452050e+00
6.0000000000e+00  2.2016369883e+01 6.9172661454e+01 2.2533134889e+02
6.1000000000e+00  2.9536877405e+02 2.9536502566e+02 2.9536760812e+02
6.2000000000e+00  2.9536189429e+02 2.9536153980e+02 2.9536166590e+02
6.3000000000e+00  2.9532503258e+02 2.9511981110e+02 2.9548237125e+02
6.4000000000e+00  4.1639042603e+03 -2.4751471616e+06 -6.4233071225e+09
6.5000000000e+00  4.4558351460e+07 4.4558351460e+07 4.4558351460e+07
6.6000000000e+00  4.4558351460e+07 4.4558351460e+07 4.4558351460e+07
6.7000000000e+00  4.4558351460e+07 4.4558351460e+07 4.4558351460e+07
6.8000000000e+00  4.4558351460e+07 4.4558351460e+07 4.4558351460e+07
6.9000000000e+00  4.4558351460e+07 4.4558351460e+07 4.4558351460e+07
7.0000000000e+00  4.4558351460e+07 4.4558351460e+07 4.4558351460e+07
7.1000000000e+00  4.4558351460e+07 4.4558351460e+07 4.4558351460e+07
7.2000000000e+00  4.4558351460e+07 4.4558351460e+07 4.4558351460e+07
7.3000000000e+00  4.4558351460e+07 4.4558351460e+07 4.4558351460e+07
7.4000000000e+00  4.4558351460e+07 4.4558351460e+07 4.4558351460e+07
7.5000000000e+00  4.4558351460e+07 4.4558351460e+07 4.4558351460e+07
7.6000000000e+00  4.4558351460e+07 4.4558351460e+07 4.4558351460e+07
7.7000000000e+00  4.4558351460e+07 4.4558351460e+07 4.4558351460e+07
7.8000000000e+00  4.4558351460e+07 4.4558351460e+07 4.4558351460e+07
7.9000000000e+00  4.4558351460e+07 4.4558351460e+07 4.4558351460e+07
8.0000000000e+00  4.4558351460e+07 4.4558351460e+07 4.4558351460e+07
8.1000000000e+00  4.4558351460e+07 4.4558351460e+07 4.4558351460e+07
8.2000000000e+00  4.4558351460e+07 4.4558351460e+07 4.4558351460e+07
8.3000000000e+00  4.4558351460e+07 4.4558351460e+07 4.4558351460e+07
8.4000000000e+00  4.4558351460e+07 4.4558351460e+07 4.4558351460e+07
8.5000000000e+00  4.4558351460e+07 4.4558351460e+07 4.4558351460e+07
8.6000000000e+00  4.4558351460e+07 4.4558351460e+07 4.4558351460e+07
8.7000000000e+00  4.4558351460e+07 4.4558351460e+07 4.4558351460e+07
8.8000000000e+00  4.4558351460e+07 4.4558351460e+07 4.4558351460e+07
8.9000000000e+00  4.4558351460e+07 4.4558351460e+07 4.4558351460e+07
9.0000000000e+00  4.4558351460e+07 4.4558351460e+07 4.4558351460e+07
9.1000000000e+00  4.4558351460e+07 4.4558351460e+07 4.4558351460e+07
9.2000000000e+00  4.4558351460e+07 4.4558351460e+07 4.4558351460e+07
9.3000000000e+00  4.4558351460e+07 4.4558351460e+07 4.4558351460e+07
9.4000000000e+00  4.4558351460e+07 4.4558351460e+07 4.4558351460e+07
9.5000000000e+00  4.4558351460e+07 4.4558351460e+07 4.4558351460e+07
9.6000000000e+00  4.4558351460e+07 4.4558351460e+07 4.4558351460e+07
9.7000000000e+00  4.4558351460e+07 4.4558351460e+07 4.4558351460e+07
9.8000000000e+00  4.4558351460e+07 4.4558351460e+07 4.4558351460e+07
9.9000000000e+00  4.4558351460e+07 4.4558351460e+07 4.4558351460e+07
1.0000000000e+01  4.4558351460e+07 4.4558351460e+07 4.4558351460e+07
1.0100000000e+01  4.4558351460e+07 4.4558351460e+07 4.4558351460e+07
1.0200000000e+01  4.4558351460e+07 4.4558351460e+07 4.4558351460e+07
1.0300000000e+01  4.4558351460e+07 4.4558351460e+07 4.4558351460e+07
1.0400000000e+01  4.4558351460e+07 4.4558351460e+07 4.4558351460e+07
1.0500000000e+01  4.4558351460e+07 4.4558351460e+07 4.4558351460e+07
1.0600000000e+01  4.4558351460e+07 4.4558351460e+07 4.4558351460e+07
1.0700000000e+01  4.4558351460e+07 4.4558351460e+07 4.4558351460e+07
1.0800000000e+01  4.4558351460e+07 4.4558351460e+07 4.4558351460e+07
1.0900000000e+01  4.4558351460e+07 4.4558351460e+07 4.4558351460e+07
1.1000000000e+01  4.4558351460e+07 4.4558351460e+07 4.4558351460e+07
1.1100000000e+01  4.4558351460e+07 4.4558351460e+07 4.4558351460e+07
1.1200000000e+01  4.4558351460e+07 4.4558351460e+07 4.4558351460e+07
1.1300000000e+01  4.4558351460e+07 4.4558351460e+07 4.4558351460e+07
1.1400000000e+01  4.4558351460e+07 4.4558351460e+07 4.4558351460e+07
1.1500000000e+01  4.4558351460e+07 4.4558351460e+07 4.4558351460e+07
1.1600000000e+01  4.4558351460e+07 4.4558351460e+07 4.4558351460e+07
1.1700000000e+01  4.4558351460e+07 4.4558351460e+07 4.4558351460e+07
1.1800000000e+01  4.4558351460e+07 4.4558351460e+07 4.4558351460e+07
1.1900000000e+01  4.4558351460e+07 4.4558351460e+07 4.4558351460e+07
1.2000000000e+01  4.4558351460e+07 4.4558351460e+07 4.4558351460e+07
1.2100000000e+01  4.4558351460e+07 4.4558351460e+07 4.4558351460e+07
1.2200000000e+01  4.4558351460e+07 4.4558351460e+07 4.4558351460e+07
1.2300000000e+01  4.4558351460e+07 4.4558351460e+07 4.4558351460e+07
1.2400000000e+01  4.4558351460e+07 4.4558351460e+07 4.4558351460e+07
1.2500000000e+01  4.4558351460e+07 4.4558351460e+07 4.4558351460e+07
1.2600000000e+01  4.4558351460e+07 4.4558351460e+07 4.4558351460e+07
1.2700000000e+01  4.4558351460e+07 4.4558351460e+07 4.4558351460e+07
1.2800000000e+01  4.4558351460e+07 4.4558351460e+07 4.4558351460e+07
1.2900000000e+01  4.4558351460e+07 4.4558351460e+07 4.4558351460e+07
1.3000000000e+01  4.4558351460e+07 4.4558351460e+07 4.4558351460e+07
1.3100000000e+01  4.4558351460e+07 4.4558351460e+07 4.4558351460e+07
1.3200000000e+01  4.4558351460e+07 4.4558351460e+07 4.4558351460e+07
1.3300000000e+01  4.4558351460e+07 4.4558351460e+07 4.4558351460e+07
1.3400000000e+01  4.4558351460e+07 4.4558351460e+07 4.4558351460e+07
1.3500000000e+01  4.4558351460e+07 4.4558351460e+07 4.4558351460e+07
1.3600000000e+01  4.4558351460e+07 4.4558351460e+07 4.4558351460e+07
1.3700000000e+01  4.4558351460e+07 4.4558351460e+07 4.4558351460e+07
1.3800000000e+01  4.4558351460e+07 4.4558351460e+07 4.4558351460e+07
1.3900000000e+01  4.4558351460e+07 4.4558351460e+07 4.4558351460e+07
1.4000000000e+01  4.4558351460e+07 4.4558351460e+07 4.4558351460e+07
1.4100000000e+01  4.4558351460e+07 4.4558351460e+07 4.4558351460e+07
1.4200000000e+01  4.4558351460e+07 4.4558351460e+07 4.4558351460e+07
1.4300000000e+01  4.4558351460e+07 4.4558351460e+07 4.4558351460e+07
1.4400000000e+01  4.4558351460e+07 4.4558351460e+07 4.4558351460e+07
1.4500000000e+01  4.4558351460e+07 4.4558351460e+07 4.4558351460e+07
1.4600000000e+01  4.4558351460e+07 4.4558351460e+07 4.4558351460e+07
1.4700000000e+01  4.4558351460e+07 4.4558351460e+07 4.4558351460e+07
1.4800000000e+01  4.4558351460e+07 4.4558351460e+07 4.4558351460e+07
1.4900000000e+01  4.4558351460e+07 4.4558351460e+07 4.4558351460e+07
1.5000000000e+01  4.4558351460e+07 4.4558351460e+07 4.4558351460e+07
1.5100000000e+01  4.4558351460e+07 4.4558351460e+07 4.4558351460e+07
1.5200000000e+01  4.4558351460e+07 4.4558351460e+07 4.4558351460e+07
1.5300000000e+01  4.4558351460e+07 4.4558351460e+07 4.4558351460e+07
1.5400000000e+01  4.4558351460e+07 4.4558351460e+07 4.4558351460e+07
1.5500000000e+01  4.4558351460e+07 4.4558351460e+07 4.4558351460e+07
1.5600000000e+01  4.4558351460e+07 4.4558351460e+07 4.4558351460e+07
1.5700000000e+01  4.4558351460e+07 4.4558351460e+07 4.4558351460e+07
1.5800000000e+01  4.4558351460e+07 4.4558351460e+07 4.4558351460e+07
1.5900000000e+01  4.4558351460e+07 4.4558351460e+07 4.4558351460e+07
1.6000000000e+01  4.4558351460e+07 4.4558351460e+07 4.4558351460e+07
1.6100000000e+01  4.4558351460e+07 4.4558351460e+07 4.4558351460e+07
1.6200000000e+01  4.4558351460e+07 4.4558351460e+07 4.4558351460e+07
1.6300000000e+01  4.4558351460e+07 4.4558351460e+07 4.4558351460e+07
1.6400000000e+01  4.4558351460e+07 4.4558351460e+07 4.4558351460e+07
1.6500000000e+01  4.4558351460e+07 4.4558351460e+07 4.4558351460e+07
1.6600000000e+01  4.4558351460e+07 4.4558351460e+07 4.4558351460e+07
1.6700000000e+01  4.4558351460e+07 4.4558351460e+07 4.4558351460e+07
1.6800000000e+01  4.4558351460e+07 4.4558351460e+07 4.4558351460e+07
1.6900000000e+01  4.4558351460e+07 4.4558351460e+07 4.4558351460e+07
1.7000000000e+01  4.4558351460e+07 4.4558351460e+07 4.4558351460e+07
1.7100000000e+01  4.4558351460e+07 4.4558351460e+07 4.4558351460e+07
1.7200000000e+01  4.4558351460e+07 4.4558351460e+07 4.4558351460e+07
1.7300000000e+01  4.4558351460e+07 4.4558351460e+07 4.4558351460e+07
1.7400000000e+01  4.4558351460e+07 4.4558351460e+07 4.4558351460e+07
1.7500000000e+01  4.4558351460e+07 4.4558351460e+07 4.4558351460e+07
1.7600000000e+01  4.4558351460e+07 4.4558351460e+07 4.4558351460e+07
1.7700000000e+01  4.4558351460e+07 4.4558351460e+07 4.4558351460e+07
1.7800000000e+01  4.4558351460e+07 4.4558351460e+07 4.4558351460e+07
1.7900000000e+01  4.4558351460e+07 4.4558351460e+07 4.4558351460e+07
1.8000000000e+01  4.4558351460e+07 4.4558351460e+07 4.4558351460e+07
1.8100000000e+01  4.4558351460e+07 4.4558351460e+07 4.4558351460e+07
1.8200000000e+01  4.4558351460e+07 4.4558351460e+07 4.4558351460e+07
1.8300000000e+01  4.4558351460e+07 4.4558351460e+07 4.4558351460e+07
1.8400000000e+01  4.4558351460e+07 4.4558351460e+07 4.4558351460e+07
1.8500000000e+01  4.4558351460e+07 4.4558351460e+07 4.4558351460e+07
1.8600000000e+01  4.4558351460e+07 4.4558351460e+07 4.4558351460e+07
1.8700000000e+01  4.4558351460e+07 4.4558351460e+07 4.4558351460e+07
1.8800000000e+01  4.4558351460e+07 4.4558351460e+07 4.4558351460e+07
1.8900000000e+01  4.4558351460e+07 4.4558351460e+07 4.4558351460e+07
1.9000000000e+01  4.4558351460e+07 4.4558351460e+07 4.4558351460e+07
1.9100000000e+01  4.4558351460e+07 4.4558351460e+07 4.4558351460e+07
1.9200000000e+01  4.4558351460e+07 4.4558351460e+07 4.4558351460e+07
1.9300000000e+01  4.4558351460e+07 4.4558351460e+07 4.4558351460e+07
1.9400000000e+01  4.4558351460e+07 4.4558351460e+07 4.4558351460e+07
1.9500000000e+01  4.4558351460e+07 4.4558351460e+07 4.4558351460e+07
1.9600000000e+01  4.4558351460e+07 4.4558351460e+07 4.4558351460e+07
1.9700000000e+01  4.4558351460e+07 4.4558351460e+07 4.4558351460e+07
1.9800000000e+01  4.4558351460e+07 4.4558351460e+07 4.4558351460e+07
1.9900000000e+01  4.4558351460e+07 4.4558351460e+07 4.4558351460e+07
2.0000000000e+01  4.4558351460e+07 4.4558351460e+07 4.4558351460e+07
