0 5 -1
0.1 4.9  -1
0.2 4.8  -1
0.3 4.7  -1.00001
0.4 4.6  -1.00003
0.5 4.49999  -1.00005
0.6 4.39998  -1.00007
0.7 4.29997  -1.0001
0.8 4.19996  -1.00014
0.9 4.09994  -1.00018
1 3.99992  -1.00024
1.1 3.89989  -1.00031
1.2 3.79985  -1.00039
1.3 3.6998  -1.0005
1.4 3.59974  -1.00062
1.5 3.49966  -1.00077
1.6 3.39956  -1.00095
1.7 3.29945  -1.00118
1.8 3.1993  -1.00146
1.9 3.09912  -1.00181
2 2.99889  -1.00224
2.1 2.89862  -1.00279
2.2 2.79827  -1.00349
2.3 2.69783  -1.00438
2.4 2.59728  -1.00553
2.5 2.49657  -1.00702
2.6 2.39567  -1.009
2.7 2.29451  -1.01163
2.8 2.19299  -1.01519
2.9 2.09099  -1.02007
3 1.9883  -1.02685
3.1 1.88465  -1.03646
3.2 1.77962  -1.05035
3.3 1.67253  -1.07091
3.4 1.56231  -1.10219
3.5 1.44717  -1.15138
3.6 1.32399  -1.23182
3.7 1.1871  -1.36885
3.8 1.02701  -1.60099
3.9 0.852193  -1.74812
4 1.26956  4.17368
4.1 1.66975  4.00185
4.2 2.06677  3.97022
4.3 2.46306  3.96287
4.4 2.85913  3.9607
4.5 3.25512  3.95993
4.6 3.65108  3.95962
4.7 4.04703  3.95949
4.8 4.44297  3.95943
4.9 4.83891  3.9594
5 5.23485  3.95939
5.1 5.63079  3.9594
5.2 6.02673  3.95943
5.3 6.42268  3.95951
5.4 6.81865  3.95966
5.5 7.21465  3.96003
5.6 7.61075  3.96094
5.7 8.00711  3.96363
5.8 8.40442  3.97309
5.9 8.80601  4.0159
6 9.23032  4.24306
6.1 6.79774  -24.3257
6.2 4.36521  -24.3254
6.3 1.93266  -24.3254
6.4 -0.501045  -24.3371
6.5 -944.517  -9440.16
6.6 -1888.53  -9440.16
6.7 -2832.55  -9440.16
6.8 -3776.57  -9440.16
6.9 -4720.58  -9440.16
7 -5664.6  -9440.16
7.1 -6608.62  -9440.16
7.2 -7552.63  -9440.16
7.3 -8496.65  -9440.16
7.4 -9440.67  -9440.16
7.5 -10384.7  -9440.16
7.6 -11328.7  -9440.16
7.7 -12272.7  -9440.16
7.8 -13216.7  -9440.16
7.9 -14160.7  -9440.16
8 -15104.8  -9440.16
8.1 -16048.8  -9440.16
8.2 -16992.8  -9440.16
8.3 -17936.8  -9440.16
8.4 -18880.8  -9440.16
8.5 -19824.8  -9440.16
8.6 -20768.9  -9440.16
8.7 -21712.9  -9440.16
8.8 -22656.9  -9440.16
8.9 -23600.9  -9440.16
9 -24544.9  -9440.16
9.1 -25488.9  -9440.16
9.2 -26433  -9440.16
9.3 -27377  -9440.16
9.4 -28321  -9440.16
9.5 -29265  -9440.16
9.6 -30209  -9440.16
9.7 -31153  -9440.16
9.8 -32097.1  -9440.16
9.9 -33041.1  -9440.16
10 -33985.1  -9440.16
10.1 -34929.1  -9440.16
10.2 -35873.1  -9440.16
10.3 -36817.1  -9440.16
10.4 -37761.2  -9440.16
10.5 -38705.2  -9440.16
10.6 -39649.2  -9440.16
10.7 -40593.2  -9440.16
10.8 -41537.2  -9440.16
10.9 -42481.2  -9440.16
11 -43425.3  -9440.16
11.1 -44369.3  -9440.16
11.2 -45313.3  -9440.16
11.3 -46257.3  -9440.16
11.4 -47201.3  -9440.16
11.5 -48145.3  -9440.16
11.6 -49089.4  -9440.16
11.7 -50033.4  -9440.16
11.8 -50977.4  -9440.16
11.9 -51921.4  -9440.16
12 -52865.4  -9440.16
12.1 -53809.4  -9440.16
12.2 -54753.5  -9440.16
12.3 -55697.5  -9440.16
12.4 -56641.5  -9440.16
12.5 -57585.5  -9440.16
12.6 -58529.5  -9440.16
12.7 -59473.5  -9440.16
12.8 -60417.6  -9440.16
12.9 -61361.6  -9440.16
13 -62305.6  -9440.16
13.1 -63249.6  -9440.16
13.2 -64193.6  -9440.16
13.3 -65137.6  -9440.16
13.4 -66081.7  -9440.16
13.5 -67025.7  -9440.16
13.6 -67969.7  -9440.16
13.7 -68913.7  -9440.16
13.8 -69857.7  -9440.16
13.9 -70801.7  -9440.16
14 -71745.8  -9440.16
14.1 -72689.8  -9440.16
14.2 -73633.8  -9440.16
14.3 -74577.8  -9440.16
14.4 -75521.8  -9440.16
14.5 -76465.8  -9440.16
14.6 -77409.8  -9440.16
14.7 -78353.9  -9440.16
14.8 -79297.9  -9440.16
14.9 -80241.9  -9440.16
15 -81185.9  -9440.16
15.1 -82129.9  -9440.16
15.2 -83073.9  -9440.16
15.3 -84018  -9440.16
15.4 -84962  -9440.16
15.5 -85906  -9440.16
15.6 -86850  -9440.16
15.7 -87794  -9440.16
15.8 -88738  -9440.16
15.9 -89682.1  -9440.16
16 -90626.1  -9440.16
16.1 -91570.1  -9440.16
16.2 -92514.1  -9440.16
16.3 -93458.1  -9440.16
16.4 -94402.1  -9440.16
16.5 -95346.2  -9440.16
16.6 -96290.2  -9440.16
16.7 -97234.2  -9440.16
16.8 -98178.2  -9440.16
16.9 -99122.2  -9440.16
17 -100066  -9440.16
17.1 -101010  -9440.16
17.2 -101954  -9440.16
17.3 -102898  -9440.16
17.4 -103842  -9440.16
17.5 -104786  -9440.16
17.6 -105730  -9440.16
17.7 -106674  -9440.16
17.8 -107618  -9440.16
17.9 -108562  -9440.16
18 -109506  -9440.16
18.1 -110450  -9440.16
18.2 -111394  -9440.16
18.3 -112338  -9440.16
18.4 -113282  -9440.16
18.5 -114226  -9440.16
18.6 -115171  -9440.16
18.7 -116115  -9440.16
18.8 -117059  -9440.16
18.9 -118003  -9440.16
19 -118947  -9440.16
19.1 -119891  -9440.16
19.2 -120835  -9440.16
19.3 -121779  -9440.16
19.4 -122723  -9440.16
19.5 -123667  -9440.16
19.6 -124611  -9440.16
19.7 -125555  -9440.16
19.8 -126499  -9440.16
19.9 -127443  -9440.16
20 -128387  -9440.16
