0.0000000000e+00  0.0000000000e+00 0.0000000000e+00 0.0000000000e+00
1.0000000000e-01  5.1766558817e-09 -3.8103964428e-12 -3.2196467714e-15
2.0000000000e-01  2.0936144873e-08 -1.5482615190e-11 -1.3877787808e-14
3.0000000000e-01  4.7981544071e-08 -3.5760172601e-11 -3.4694469520e-14
4.0000000000e-01  8.7534270887e-08 -6.5953242867e-11 -7.0554673215e-14
5.0000000000e-01  1.4141301125e-07 -1.0805495387e-10 -1.3039569424e-13
6.0000000000e-01  2.1215373769e-07 -1.6492035515e-10 -2.2815083156e-13
7.0000000000e-01  3.0318162730e-07 -2.4053259384e-10 -3.8630210142e-13
8.0000000000e-01  4.1905084813e-07 -3.4038782903e-10 -6.4137584133e-13
9.0000000000e-01  5.6577529883e-07 -4.7204690157e-10 -1.0515477378e-12
1.0000000000e+00  7.5128344285e-07 -6.4593125293e-10 -1.7115198148e-12
1.1000000000e+00  9.8604487370e-07 -8.7647206160e-10 -2.7758351173e-12
1.2000000000e+00  1.2839373887e-06 -1.1837856806e-09 -4.4993453407e-12
1.3000000000e+00  1.6634546188e-06 -1.5961379440e-09 -7.3074324369e-12
1.4000000000e+00  2.1494010451e-06 -2.1536047945e-09 -1.1915635145e-11
1.5000000000e+00  2.7752920783e-06 -2.9135803770e-09 -1.9544144081e-11
1.6000000000e+00  3.5867855556e-06 -3.9591650514e-09 -3.2299107833e-11
1.7000000000e+00  4.6466399234e-06 -5.4121245818e-09 -5.3867410532e-11
1.8000000000e+00  6.0419607508e-06 -7.4532201522e-09 -9.0801699493e-11
1.9000000000e+00  7.8949238472e-06 -1.0354640423e-08 -1.5493639705e-10
2.0000000000e+00  1.0378858193e-05 -1.4532715364e-08 -2.6802488007e-10
2.1000000000e+00  1.3742725096e-05 -2.0635371967e-08 -4.7081671894e-10
2.2000000000e+00  1.8348983153e-05 -2.9690599646e-08 -8.4123102928e-10
2.3000000000e+00  2.4733212671e-05 -4.3365048774e-08 -1.5316289903e-09
2.4000000000e+00  3.3699886985e-05 -6.4427667812e-08 -2.8472793012e-09
2.5000000000e+00  4.6479673864e-05 -9.7608555349e-08 -5.4163645236e-09
2.6000000000e+00  6.4994411827e-05 -1.5124986447e-07 -1.0570137543e-08
2.7000000000e+00  9.2316561735e-05 -2.4061514087e-07 -2.1223291291e-08
2.8000000000e+00  1.3349290883e-04 -3.9484617714e-07 -4.3994012100e-08
2.9000000000e+00  1.9707978096e-04 -6.7239614482e-07 -9.4539058915e-08
3.0000000000e+00  2.9813742785e-04 -1.1974065249e-06 -2.1166647335e-07
3.1000000000e+00  4.6438960664e-04 -2.2514549884e-06 -4.9685143610e-07
3.2000000000e+00  7.4970137391e-04 -4.5227041418e-06 -1.2322458028e-06
3.3000000000e+00  1.2656925705e-03 -9.8354071734e-06 -3.2588693617e-06
3.4000000000e+00  2.2613043254e-03 -2.3409206828e-05 -9.2720924792e-06
3.5000000000e+00  4.3309101025e-03 -6.0366943186e-05 -2.8307574092e-05
3.6000000000e+00  8.8518915047e-03 -1.4347516847e-04 -8.5142185006e-05
3.7000000000e+00  1.5766997530e-02 3.5655202326e-04 -2.7407201118e-05
3.8000000000e+00  -7.5850695682e-02 1.5672479941e-02 7.8666637212e-03
3.9000000000e+00  1.8303109786e+00 1.7936506995e+00 1.7482332044e+00
4.0000000000e+00  7.4345551314e+00 7.3368796557e+00 7.3314728925e+00
4.1000000000e+00  7.3543421547e+00 7.3374713579e+00 7.3384346257e+00
4.2000000000e+00  7.3414926630e+00 7.3382613537e+00 7.3383981018e+00
4.3000000000e+00  7.3391699381e+00 7.3383656196e+00 7.3383902340e+00
4.4000000000e+00  7.3386283482e+00 7.3383834932e+00 7.3383891021e+00
4.5000000000e+00  7.3384742093e+00 7.3383873660e+00 7.3383889067e+00
4.6000000000e+00  7.3384231607e+00 7.3383883747e+00 7.3383888659e+00
4.7000000000e+00  7.3384042589e+00 7.3383886774e+00 7.3383888559e+00
4.8000000000e+00  7.3383968510e+00 7.3383887772e+00 7.3383888532e+00
4.9000000000e+00  7.3383942793e+00 7.3383888079e+00 7.3383888524e+00
5.0000000000e+00  7.3383945199e+00 7.3383888051e+00 7.3383888525e+00
5.1000000000e+00  7.3383977542e+00 7.3383887658e+00 7.3383888535e+00
5.2000000000e+00  7.3384065758e+00 7.3383886436e+00 7.3383888569e+00
5.3000000000e+00  7.3384291739e+00 7.3383882681e+00 7.3383888698e+00
5.4000000000e+00  7.3384912899e+00 7.3383869875e+00 7.3383889237e+00
5.5000000000e+00  7.3386836201e+00 7.3383819163e+00 7.3383891907e+00
5.6000000000e+00  7.3393821654e+00 7.3383575669e+00 7.3383907959e+00
5.7000000000e+00  7.3425109710e+00 7.3382083558e+00 7.3384021620e+00
5.8000000000e+00  7.3607113924e+00 7.3370404391e+00 7.3384216784e+00
5.9000000000e+00  7.4553947474e+00 7.3494903720e+00 7.3154879482e+00
6.0000000000e+00  6.3428779014e+01 4.8397608252e+02 -2.0363750157e+02
6.1000000000e+00  2.9536457284e+02 2.9536082450e+02 2.9536340688e+02
6.2000000000e+00  2.9536229657e+02 2.9536194208e+02 2.9536206818e+02
6.3000000000e+00  2.9546717808e+02 2.9526185801e+02 2.9562476659e+02
6.4000000000e+00  1.1200966246e+07 4.5936817872e+10 -1.4410191466e+17
6.5000000000e+00  4.4558351123e+07 4.4558351123e+07 4.4558351123e+07
6.6000000000e+00  4.4558351123e+07 4.4558351123e+07 4.4558351123e+07
6.7000000000e+00  4.4558351123e+07 4.4558351123e+07 4.4558351123e+07
6.8000000000e+00  4.4558351123e+07 4.4558351123e+07 4.4558351123e+07
6.9000000000e+00  4.4558351123e+07 4.4558351123e+07 4.4558351123e+07
7.0000000000e+00  4.4558351123e+07 4.4558351123e+07 4.4558351123e+07
7.1000000000e+00  4.4558351123e+07 4.4558351123e+07 4.4558351123e+07
7.2000000000e+00  4.4558351123e+07 4.4558351123e+07 4.4558351123e+07
7.3000000000e+00  4.4558351123e+07 4.4558351123e+07 4.4558351123e+07
7.4000000000e+00  4.4558351123e+07 4.4558351123e+07 4.4558351123e+07
7.5000000000e+00  4.4558351123e+07 4.4558351123e+07 4.4558351123e+07
7.6000000000e+00  4.4558351123e+07 4.4558351123e+07 4.4558351123e+07
7.7000000000e+00  4.4558351123e+07 4.4558351123e+07 4.4558351123e+07
7.8000000000e+00  4.4558351123e+07 4.4558351123e+07 4.4558351123e+07
7.9000000000e+00  4.4558351123e+07 4.4558351123e+07 4.4558351123e+07
8.0000000000e+00  4.4558351123e+07 4.4558351123e+07 4.4558351123e+07
8.1000000000e+00  4.4558351123e+07 4.4558351123e+07 4.4558351123e+07
8.2000000000e+00  4.4558351123e+07 4.4558351123e+07 4.4558351123e+07
8.3000000000e+00  4.4558351123e+07 4.4558351123e+07 4.4558351123e+07
8.4000000000e+00  4.4558351123e+07 4.4558351123e+07 4.4558351123e+07
8.5000000000e+00  4.4558351123e+07 4.4558351123e+07 4.4558351123e+07
8.6000000000e+00  4.4558351123e+07 4.4558351123e+07 4.4558351123e+07
8.7000000000e+00  4.4558351123e+07 4.4558351123e+07 4.4558351123e+07
8.8000000000e+00  4.4558351123e+07 4.4558351123e+07 4.4558351123e+07
8.9000000000e+00  4.4558351123e+07 4.4558351123e+07 4.4558351123e+07
9.0000000000e+00  4.4558351123e+07 4.4558351123e+07 4.4558351123e+07
9.1000000000e+00  4.4558351123e+07 4.4558351123e+07 4.4558351123e+07
9.2000000000e+00  4.4558351123e+07 4.4558351123e+07 4.4558351123e+07
9.3000000000e+00  4.4558351123e+07 4.4558351123e+07 4.4558351123e+07
9.4000000000e+00  4.4558351123e+07 4.4558351123e+07 4.4558351123e+07
9.5000000000e+00  4.4558351123e+07 4.4558351123e+07 4.4558351123e+07
9.6000000000e+00  4.4558351123e+07 4.4558351123e+07 4.4558351123e+07
9.7000000000e+00  4.4558351123e+07 4.4558351123e+07 4.4558351123e+07
9.8000000000e+00  4.4558351123e+07 4.4558351123e+07 4.4558351123e+07
9.9000000000e+00  4.4558351123e+07 4.4558351123e+07 4.4558351123e+07
1.0000000000e+01  4.4558351123e+07 4.4558351123e+07 4.4558351123e+07
1.0100000000e+01  4.4558351123e+07 4.4558351123e+07 4.4558351123e+07
1.0200000000e+01  4.4558351123e+07 4.4558351123e+07 4.4558351123e+07
1.0300000000e+01  4.4558351123e+07 4.4558351123e+07 4.4558351123e+07
1.0400000000e+01  4.4558351123e+07 4.4558351123e+07 4.4558351123e+07
1.0500000000e+01  4.4558351123e+07 4.4558351123e+07 4.4558351123e+07
1.0600000000e+01  4.4558351123e+07 4.4558351123e+07 4.4558351123e+07
1.0700000000e+01  4.4558351123e+07 4.4558351123e+07 4.4558351123e+07
1.0800000000e+01  4.4558351123e+07 4.4558351123e+07 4.4558351123e+07
1.0900000000e+01  4.4558351123e+07 4.4558351123e+07 4.4558351123e+07
1.1000000000e+01  4.4558351123e+07 4.4558351123e+07 4.4558351123e+07
1.1100000000e+01  4.4558351123e+07 4.4558351123e+07 4.4558351123e+07
1.1200000000e+01  4.4558351123e+07 4.4558351123e+07 4.4558351123e+07
1.1300000000e+01  4.4558351123e+07 4.4558351123e+07 4.4558351123e+07
1.1400000000e+01  4.4558351123e+07 4.4558351123e+07 4.4558351123e+07
1.1500000000e+01  4.4558351123e+07 4.4558351123e+07 4.4558351123e+07
1.1600000000e+01  4.4558351123e+07 4.4558351123e+07 4.4558351123e+07
1.1700000000e+01  4.4558351123e+07 4.4558351123e+07 4.4558351123e+07
1.1800000000e+01  4.4558351123e+07 4.4558351123e+07 4.4558351123e+07
1.1900000000e+01  4.4558351123e+07 4.4558351123e+07 4.4558351123e+07
1.2000000000e+01  4.4558351123e+07 4.4558351123e+07 4.4558351123e+07
1.2100000000e+01  4.4558351123e+07 4.4558351123e+07 4.4558351123e+07
1.2200000000e+01  4.4558351123e+07 4.4558351123e+07 4.4558351123e+07
1.2300000000e+01  4.4558351123e+07 4.4558351123e+07 4.4558351123e+07
1.2400000000e+01  4.4558351123e+07 4.4558351123e+07 4.4558351123e+07
1.2500000000e+01  4.4558351123e+07 4.4558351123e+07 4.4558351123e+07
1.2600000000e+01  4.4558351123e+07 4.4558351123e+07 4.4558351123e+07
1.2700000000e+01  4.4558351123e+07 4.4558351123e+07 4.4558351123e+07
1.2800000000e+01  4.4558351123e+07 4.4558351123e+07 4.4558351123e+07
1.2900000000e+01  4.4558351123e+07 4.4558351123e+07 4.4558351123e+07
1.3000000000e+01  4.4558351123e+07 4.4558351123e+07 4.4558351123e+07
1.3100000000e+01  4.4558351123e+07 4.4558351123e+07 4.4558351123e+07
1.3200000000e+01  4.4558351123e+07 4.4558351123e+07 4.4558351123e+07
1.3300000000e+01  4.4558351123e+07 4.4558351123e+07 4.4558351123e+07
1.3400000000e+01  4.4558351123e+07 4.4558351123e+07 4.4558351123e+07
1.3500000000e+01  4.4558351123e+07 4.4558351123e+07 4.4558351123e+07
1.3600000000e+01  4.4558351123e+07 4.4558351123e+07 4.4558351123e+07
1.3700000000e+01  4.4558351123e+07 4.4558351123e+07 4.4558351123e+07
1.3800000000e+01  4.4558351123e+07 4.4558351123e+07 4.4558351123e+07
1.3900000000e+01  4.4558351123e+07 4.4558351123e+07 4.4558351123e+07
1.4000000000e+01  4.4558351123e+07 4.4558351123e+07 4.4558351123e+07
1.4100000000e+01  4.4558351123e+07 4.4558351123e+07 4.4558351123e+07
1.4200000000e+01  4.4558351123e+07 4.4558351123e+07 4.4558351123e+07
1.4300000000e+01  4.4558351123e+07 4.4558351123e+07 4.4558351123e+07
1.4400000000e+01  4.4558351123e+07 4.4558351123e+07 4.4558351123e+07
1.4500000000e+01  4.4558351123e+07 4.4558351123e+07 4.4558351123e+07
1.4600000000e+01  4.4558351123e+07 4.4558351123e+07 4.4558351123e+07
1.4700000000e+01  4.4558351123e+07 4.4558351123e+07 4.4558351123e+07
1.4800000000e+01  4.4558351123e+07 4.4558351123e+07 4.4558351123e+07
1.4900000000e+01  4.4558351123e+07 4.4558351123e+07 4.4558351123e+07
1.5000000000e+01  4.4558351123e+07 4.4558351123e+07 4.4558351123e+07
1.5100000000e+01  4.4558351123e+07 4.4558351123e+07 4.4558351123e+07
1.5200000000e+01  4.4558351123e+07 4.4558351123e+07 4.4558351123e+07
1.5300000000e+01  4.4558351123e+07 4.4558351123e+07 4.4558351123e+07
1.5400000000e+01  4.4558351123e+07 4.4558351123e+07 4.4558351123e+07
1.5500000000e+01  4.4558351123e+07 4.4558351123e+07 4.4558351123e+07
1.5600000000e+01  4.4558351123e+07 4.4558351123e+07 4.4558351123e+07
1.5700000000e+01  4.4558351123e+07 4.4558351123e+07 4.4558351123e+07
1.5800000000e+01  4.4558351123e+07 4.4558351123e+07 4.4558351123e+07
1.5900000000e+01  4.4558351123e+07 4.4558351123e+07 4.4558351123e+07
1.6000000000e+01  4.4558351123e+07 4.4558351123e+07 4.4558351123e+07
1.6100000000e+01  4.4558351123e+07 4.4558351123e+07 4.4558351123e+07
1.6200000000e+01  4.4558351123e+07 4.4558351123e+07 4.4558351123e+07
1.6300000000e+01  4.4558351123e+07 4.4558351123e+07 4.4558351123e+07
1.6400000000e+01  4.4558351123e+07 4.4558351123e+07 4.4558351123e+07
1.6500000000e+01  4.4558351123e+07 4.4558351123e+07 4.4558351123e+07
1.6600000000e+01  4.4558351123e+07 4.4558351123e+07 4.4558351123e+07
1.6700000000e+01  4.4558351123e+07 4.4558351123e+07 4.4558351123e+07
1.6800000000e+01  4.4558351123e+07 4.4558351123e+07 4.4558351123e+07
1.6900000000e+01  4.4558351123e+07 4.4558351123e+07 4.4558351123e+07
1.7000000000e+01  4.4558351123e+07 4.4558351123e+07 4.4558351123e+07
1.7100000000e+01  4.4558351123e+07 4.4558351123e+07 4.4558351123e+07
1.7200000000e+01  4.4558351123e+07 4.4558351123e+07 4.4558351123e+07
1.7300000000e+01  4.4558351123e+07 4.4558351123e+07 4.4558351123e+07
1.7400000000e+01  4.4558351123e+07 4.4558351123e+07 4.4558351123e+07
1.7500000000e+01  4.4558351123e+07 4.4558351123e+07 4.4558351123e+07
1.7600000000e+01  4.4558351123e+07 4.4558351123e+07 4.4558351123e+07
1.7700000000e+01  4.4558351123e+07 4.4558351123e+07 4.4558351123e+07
1.7800000000e+01  4.4558351123e+07 4.4558351123e+07 4.4558351123e+07
1.7900000000e+01  4.4558351123e+07 4.4558351123e+07 4.4558351123e+07
1.8000000000e+01  4.4558351123e+07 4.4558351123e+07 4.4558351123e+07
1.8100000000e+01  4.4558351123e+07 4.4558351123e+07 4.4558351123e+07
1.8200000000e+01  4.4558351123e+07 4.4558351123e+07 4.4558351123e+07
1.8300000000e+01  4.4558351123e+07 4.4558351123e+07 4.4558351123e+07
1.8400000000e+01  4.4558351123e+07 4.4558351123e+07 4.4558351123e+07
1.8500000000e+01  4.4558351123e+07 4.4558351123e+07 4.4558351123e+07
1.8600000000e+01  4.4558351123e+07 4.4558351123e+07 4.4558351123e+07
1.8700000000e+01  4.4558351123e+07 4.4558351123e+07 4.4558351123e+07
1.8800000000e+01  4.4558351123e+07 4.4558351123e+07 4.4558351123e+07
1.8900000000e+01  4.4558351123e+07 4.4558351123e+07 4.4558351123e+07
1.9000000000e+01  4.4558351123e+07 4.4558351123e+07 4.4558351123e+07
1.9100000000e+01  4.4558351123e+07 4.4558351123e+07 4.4558351123e+07
1.9200000000e+01  4.4558351123e+07 4.4558351123e+07 4.4558351123e+07
1.9300000000e+01  4.4558351123e+07 4.4558351123e+07 4.4558351123e+07
1.9400000000e+01  4.4558351123e+07 4.4558351123e+07 4.4558351123e+07
1.9500000000e+01  4.4558351123e+07 4.4558351123e+07 4.4558351123e+07
1.9600000000e+01  4.4558351123e+07 4.4558351123e+07 4.4558351123e+07
1.9700000000e+01  4.4558351123e+07 4.4558351123e+07 4.4558351123e+07
1.9800000000e+01  4.4558351123e+07 4.4558351123e+07 4.4558351123e+07
1.9900000000e+01  4.4558351123e+07 4.4558351123e+07 4.4558351123e+07
2.0000000000e+01  4.4558351123e+07 4.4558351123e+07 4.4558351123e+07
