0  0
0.2  -4.32871e-05
0.4  -5.42687e-05
0.6  -4.88928e-05
0.8  -3.9808e-05
1  -3.27659e-05
1.2  -3.02138e-05
1.4  -3.1042e-05
1.6  -3.25551e-05
1.8  -3.32026e-05
2  -3.2911e-05
2.2  -3.21539e-05
2.4  -3.13689e-05
2.6  -3.08655e-05
2.8  -3.08965e-05
3  -3.15977e-05
3.2  -3.22523e-05
3.4  -2.86601e-05
3.6  -9.77502e-06
3.8  2.94331e-05
4  5.03185e-05
4.2  1.18512e-05
4.4  -4.12037e-05
4.6  -6.31331e-05
4.8  -6.18166e-05
5  -5.3216e-05
5.2  -4.49521e-05
5.4  -4.06729e-05
5.6  -4.05476e-05
5.8  -4.20821e-05
6  -4.31216e-05
6.2  -4.31343e-05
6.4  -4.2492e-05
6.6  -4.16757e-05
6.8  -4.10362e-05
7  -4.08408e-05
7.2  -4.12998e-05
7.4  -4.21876e-05
7.6  -4.10771e-05
7.8  -2.94948e-05
8  3.63946e-06
8.2  3.87621e-05
8.4  2.18329e-05
8.6  -3.40978e-05
8.8  -6.87794e-05
9  -7.38315e-05
9.2  -6.66992e-05
9.4  -5.77296e-05
9.6  -5.17398e-05
9.8  -5.02764e-05
10  -5.15211e-05
10.2  -5.28893e-05
10.4  -5.32666e-05
10.6  -5.28077e-05
10.8  -5.2008e-05
11  -5.12688e-05
11.2  -5.08787e-05
11.4  -5.10793e-05
11.6  -5.19082e-05
11.8  -5.21165e-05
12  -4.59281e-05
12.2  -2.12567e-05
12.4  1.90321e-05
12.6  2.5776e-05
12.8  -2.32199e-05
13  -7.01044e-05
13.2  -8.42763e-05
13.4  -7.9973e-05
13.6  -7.09516e-05
13.8  -6.34759e-05
14  -6.03877e-05
14.2  -6.09582e-05
14.4  -6.2506e-05
14.6  -6.32802e-05
14.8  -6.30775e-05
15  -6.235e-05
15.2  -6.15502e-05
15.4  -6.09999e-05
15.6  -6.09559e-05
15.8  -6.15847e-05
16  -6.23574e-05
16.2  -5.9707e-05
16.4  -4.3327e-05
16.6  -5.59454e-06
16.8  2.07556e-05
17  -1.14819e-05
17.2  -6.63745e-05
17.4  -9.224e-05
17.6  -9.26689e-05
17.8  -8.44141e-05
18  -7.58637e-05
18.2  -7.10294e-05
18.4  -7.05174e-05
18.6  -7.19976e-05
18.8  -7.31522e-05
19  -7.32752e-05
19.2  -7.26835e-05
19.4  -7.1867e-05
19.6  -7.11918e-05
19.8  -7.09308e-05
20  -7.13074e-05
20.2  -7.21993e-05
20.4  -7.16139e-05
20.6  -6.19655e-05
20.8  -3.14132e-05
21  6.32932e-06
21.2  -2.97796e-06
21.4  -5.7836e-05
21.6  -9.66186e-05
21.8  -0.000104269
22  -9.78678e-05
22.2  -8.88044e-05
22.4  -8.23073e-05
22.6  -8.03505e-05
22.8  -8.14243e-05
23  -8.28704e-05
23.2  -8.33726e-05
23.4  -8.29875e-05
23.6  -8.22045e-05
23.8  -8.14416e-05
24  -8.09966e-05
24.2  -8.11167e-05
24.4  -8.18916e-05
24.6  -8.23453e-05
24.8  -7.74745e-05
25  -5.55622e-05
25.2  -1.53819e-05
25.4  -1.6692e-06
25.6  -4.6272e-05
25.8  -9.63665e-05
26  -0.000114032
26.2  -0.000111006
26.4  -0.000102131
26.6  -9.42592e-05
26.8  -9.06167e-05
27  -9.08848e-05
27.2  -9.24425e-05
27.4  -9.33431e-05
27.6  -9.32375e-05
27.8  -9.25462e-05
28  -9.17361e-05
28.2  -9.11419e-05
28.4  -9.1025e-05
28.6  -9.15757e-05
28.8  -9.24231e-05
29  -9.05731e-05
29.2  -7.65567e-05
29.4  -4.0787e-05
29.6  -9.78448e-06
29.8  -3.50774e-05
30  -9.09907e-05
30.2  -0.00012097
30.4  -0.000123419
30.6  -0.000115623
30.8  -0.000106841
31  -0.000101454
31.2  -0.000100514
31.4  -0.000101904
31.6  -0.000103166
31.8  -0.000103406
32  -0.000102873
32.2  -0.000102061
32.4  -0.000101354
32.6  -0.00010103
32.8  -0.000101323
33  -0.000102196
33.2  -0.000102036
33.4  -9.41355e-05
33.6  -6.63332e-05
33.8  -2.68883e-05
34  -2.84896e-05
34.2  -8.11847e-05
34.4  -0.000123954
34.6  -0.000134523
34.8  -0.000129015
35  -0.000119929
35.2  -0.00011295
35.4  -0.000110469
35.6  -0.000111329
35.8  -0.000112835
36  -0.000113466
36.2  -0.000113163
36.4  -0.000112402
36.6  -0.00011162
36.8  -0.000111123
37  -0.000111164
37.2  -0.000111874
37.4  -0.000112509
37.6  -0.000108786
37.8  -8.95743e-05
38  -5.0221e-05
38.2  -3.00852e-05
38.4  -6.92836e-05
38.6  -0.00012205
38.8  -0.000143493
39  -0.000141974
39.2  -0.000133338
39.4  -0.000125115
39.6  -0.000120907
39.8  -0.000120827
40  -0.000122366
40.2  -0.00012339
40.4  -0.00012339
40.6  -0.000122742
40.8  -0.000121926
41  -0.000121291
41.2  -0.000121104
41.4  -0.000121573
41.6  -0.000122458
41.8  -0.000121278
42  -0.000109457
42.2  -7.60361e-05
42.4  -4.12843e-05
42.6  -5.90923e-05
42.8  -0.000115077
43  -0.000149272
43.2  -0.00015404
43.4  -0.000146833
43.6  -0.00013788
43.8  -0.000131952
44  -0.000130544
44.2  -0.000131805
44.4  -0.000133163
44.6  -0.000133526
44.8  -0.00013306
45  -0.000132259
45.2  -0.000131522
45.4  -0.000131139
45.6  -0.000131348
45.8  -0.000132182
46  -0.000132359
46.2  -0.000126018
46.4  -0.000101049
46.6  -6.07976e-05
46.8  -5.48306e-05
47  -0.000104233
47.2  -0.000150743
47.4  -0.000164556
47.6  -0.000160129
47.8  -0.000151098
48  -0.000143668
48.2  -0.000140639
48.4  -0.000141239
48.6  -0.000142784
48.8  -0.000143544
49  -0.000143332
49.2  -0.000142601
49.4  -0.000141803
49.6  -0.000141258
49.8  -0.000141221
50  -0.000141857
50.2  -0.00014262
50.4  -0.000139883
50.6  -0.000123263
50.8  -8.53649e-05
51  -5.95196e-05
51.2  -9.24005e-05
51.4  -0.000147143
51.6  -0.000172612
51.8  -0.000172859
52  -0.000164566
52.2  -0.000156043
52.4  -0.000151263
52.6  -0.000150791
52.8  -0.000152277
53  -0.000153421
53.2  -0.000153533
53.4  -0.000152936
53.6  -0.00015212
53.8  -0.000151448
54  -0.000151193
54.2  -0.000151577
54.4  -0.000152469
54.6  -0.000151841
54.8  -0.000142028
55  -0.000111241
55.2  -7.36962e-05
55.4  -8.36853e-05
55.6  -0.000138678
55.8  -0.000177097
56  -0.000184505
56.2  -0.000178034
56.4  -0.000168977
56.6  -0.000162525
56.8  -0.000160613
57  -0.000161703
57.2  -0.000163143
57.4  -0.000163634
57.6  -0.000163242
57.8  -0.000162458
58  -0.000161697
58.2  -0.000161256
58.4  -0.000161383
58.6  -0.000162162
58.8  -0.000162599
59  -0.000157629
59.2  -0.000135501
59.4  -9.52875e-05
59.6  -8.21105e-05
59.8  -0.000127096
60  -0.00017695
60.2  -0.000194328
60.4  -0.000191194
60.6  -0.000182305
60.8  -0.000174464
61  -0.000170866
61.2  -0.000171159
61.4  -0.000172717
61.6  -0.000173608
61.8  -0.000173495
62  -0.0001728
62.2  -0.000171991
62.4  -0.0001714
62.6  -0.000171289
62.8  -0.000171845
63  -0.000172688
63.2  -0.000170786
63.4  -0.00015661
63.6  -0.000120692
63.8  -8.9988e-05
64  -0.000115783
64.2  -0.000171651
64.4  -0.000201337
64.6  -0.000203637
64.8  -0.000195806
65  -0.000187039
65.2  -0.000181691
65.4  -0.000180782
65.6  -0.000182179
65.8  -0.000183434
66  -0.000183666
66.2  -0.000183129
66.4  -0.000182317
66.6  -0.000181611
66.8  -0.000181292
67  -0.00018159
67.2  -0.000182464
67.4  -0.00018228
67.6  -0.000174279
67.8  -0.000146309
68  -0.000106944
68.2  -0.00010901
68.4  -0.000161863
68.6  -0.000204395
68.8  -0.000214778
69  -0.000209213
69.2  -0.000200128
69.4  -0.000193177
69.6  -0.000190728
69.8  -0.000191602
70  -0.000193105
70.2  -0.000193728
70.4  -0.00019342
70.6  -0.000192658
70.8  -0.000191877
71  -0.000191383
71.2  -0.000191428
71.4  -0.000192141
71.6  -0.000192769
71.8  -0.00018899
72  -0.000169643
72.2  -0.000130234
72.4  -0.000110413
72.6  -0.000149908
72.8  -0.000202549
73  -0.000223793
73.2  -0.000222191
73.4  -0.000213542
73.6  -0.000205337
73.8  -0.000201157
74  -0.000201096
74.2  -0.000202636
74.4  -0.000203655
74.6  -0.000203649
74.8  -0.000202999
75  -0.000202183
75.2  -0.000201551
75.4  -0.000201367
75.6  -0.000201839
75.8  -0.000202723
76  -0.000201517
76.2  -0.000189607
76.4  -0.000156083
76.6  -0.000121473
76.8  -0.000139601
77  -0.000195599
77.2  -0.000229616
77.4  -0.000234281
77.6  -0.000227047
77.8  -0.000218101
78  -0.000212195
78.2  -0.000210807
78.4  -0.000212075
78.6  -0.000213429
78.8  -0.000213787
79  -0.000213318
79.2  -0.000212516
79.4  -0.000211782
79.6  -0.0002114
79.8  -0.000211612
80  -0.000212447
80.2  -0.000212614
80.4  -0.000206225
80.6  -0.000181163
80.8  -0.000140928
81  -0.000135205
81.2  -0.00018473
81.4  -0.00023112
81.6  -0.000244822
81.8  -0.000240357
82  -0.000231324
82.2  -0.000223909
82.4  -0.000220898
82.6  -0.000221506
82.8  -0.00022305
83  -0.000223807
83.2  -0.000223592
83.4  -0.00022286
83.6  -0.000222063
83.8  -0.000221518
84  -0.000221484
84.2  -0.000222122
84.4  -0.000222882
84.6  -0.000220123
84.8  -0.000203443
85  -0.000165507
85.2  -0.000139789
85.4  -0.000172827
85.6  -0.000227528
85.8  -0.000252899
86  -0.000253101
86.2  -0.000244801
86.4  -0.000236284
86.6  -0.000231518
86.8  -0.000231055
87  -0.000232543
87.2  -0.000233684
87.4  -0.000233794
87.6  -0.000233196
87.8  -0.00023238
88  -0.000231709
88.2  -0.000231455
88.4  -0.00023184
88.6  -0.000232732
88.8  -0.000232096
89  -0.000222255
89.2  -0.000191429
89.4  -0.000153922
89.6  -0.000164026
89.8  -0.000219037
90  -0.000257393
90.2  -0.00026476
90.4  -0.000258279
90.6  -0.000249224
90.8  -0.00024278
91  -0.000240875
91.2  -0.000241967
91.4  -0.000243406
91.6  -0.000243895
91.8  -0.000243503
92  -0.000242718
92.2  -0.000241958
92.4  -0.000241518
92.6  -0.000241645
92.8  -0.000242425
93  -0.00024286
93.2  -0.000237883
93.4  -0.000215739
93.6  -0.000175526
93.8  -0.00016239
94  -0.000207399
94.2  -0.000257234
94.4  -0.00027459
94.6  -0.000271449
94.8  -0.00026256
95  -0.000254722
95.2  -0.000251127
95.4  -0.000251422
95.6  -0.000252979
95.8  -0.00025387
96  -0.000253756
96.2  -0.000253062
96.4  -0.000252253
96.6  -0.000251662
96.8  -0.00025155
97  -0.000252106
97.2  -0.000252949
97.4  -0.000251049
97.6  -0.000236881
97.8  -0.000200972
98  -0.000170257
98.2  -0.000196026
98.4  -0.000251892
98.6  -0.000281591
98.8  -0.000283898
99  -0.000276071
99.2  -0.000267304
99.4  -0.000261955
99.6  -0.000261043
99.8  -0.00026244
100  -0.000263695
100.2  -0.000263928
100.4  -0.000263391
100.6  -0.000262579
100.8  -0.000261874
101  -0.000261554
101.2  -0.000261851
101.4  -0.000262724
101.6  -0.000262545
101.8  -0.000254565
102  -0.00022663
102.2  -0.000187252
102.4  -0.000189222
102.6  -0.000242039
102.8  -0.000284617
103  -0.000295039
103.2  -0.000289487
103.4  -0.000280402
103.6  -0.000273446
103.8  -0.000270991
104  -0.000271861
104.2  -0.000273365
104.4  -0.000273989
104.6  -0.000273683
104.8  -0.000272922
105  -0.00027214
105.2  -0.000271646
105.4  -0.000271689
105.6  -0.000272401
105.8  -0.000273031
106  -0.000269275
106.2  -0.000249986
106.4  -0.000210604
106.6  -0.000190653
106.8  -0.000230019
107  -0.000282708
107.2  -0.000304035
107.4  -0.000302469
107.6  -0.000293828
107.8  -0.000285616
108  -0.000281424
108.2  -0.000281355
108.4  -0.000282894
108.6  -0.000283915
108.8  -0.000283912
109  -0.000283263
109.2  -0.000282448
109.4  -0.000281814
109.6  -0.000281628
109.8  -0.000282098
110  -0.000282982
110.2  -0.000281794
110.4  -0.000269949
110.6  -0.000236503
110.8  -0.000201795
111  -0.000219688
111.2  -0.00027567
111.4  -0.000309814
111.6  -0.000314555
111.8  -0.000307342
112  -0.000298393
112.2  -0.000292471
112.4  -0.000291068
112.6  -0.00029233
112.8  -0.000293687
113  -0.000294049
113.2  -0.000293583
113.4  -0.000292782
113.6  -0.000292046
113.8  -0.000291663
114  -0.000291872
114.2  -0.000292705
114.4  -0.000292883
114.6  -0.000286551
114.8  -0.000261602
115  -0.000221355
115.2  -0.00021534
115.4  -0.00026471
115.6  -0.000311238
115.8  -0.000325074
116  -0.000320657
116.2  -0.000311629
116.4  -0.000304197
116.6  -0.000301164
116.8  -0.000301761
117  -0.000303306
117.2  -0.000304067
117.4  -0.000303856
117.6  -0.000303126
117.8  -0.000302328
118  -0.000301782
118.2  -0.000301744
118.4  -0.000302378
118.6  -0.000303143
118.8  -0.000300427
119  -0.00028387
119.2  -0.000246019
119.4  -0.000220048
119.6  -0.000252759
119.8  -0.000307533
120  -0.000333102
120.2  -0.000333397
120.4  -0.000325117
120.6  -0.000316588
120.8  -0.000311795
121  -0.000311311
121.2  -0.000312796
121.4  -0.000313942
121.6  -0.000314058
121.8  -0.000313463
122  -0.000312647
122.2  -0.000311974
122.4  -0.000311717
122.6  -0.000312097
122.8  -0.000312989
123  -0.00031238
123.2  -0.000302648
123.4  -0.00027198
123.6  -0.000234344
123.8  -0.000243997
124  -0.000298915
124.2  -0.000337508
124.4  -0.000345036
124.6  -0.000338602
124.8  -0.000329545
125  -0.000323071
125.2  -0.000321137
125.4  -0.000322218
125.6  -0.00032366
125.8  -0.000324157
126  -0.00032377
126.2  -0.000322987
126.4  -0.000322225
126.6  -0.000321782
126.8  -0.000321904
127  -0.000322679
127.2  -0.000323128
127.4  -0.000318234
127.6  -0.000296276
127.8  -0.000256096
128  -0.000242505
128.2  -0.000287183
128.4  -0.000337217
128.6  -0.000354818
128.8  -0.000351771
129  -0.000342896
129.2  -0.000335033
129.4  -0.0003314
129.6  -0.000331673
129.8  -0.00033323
130  -0.000334128
130.2  -0.000334022
130.4  -0.000333331
130.6  -0.000332522
130.8  -0.000331928
131  -0.000331811
131.2  -0.000332361
131.4  -0.000333208
131.6  -0.000331363
131.8  -0.00031737
132  -0.000281629
132.2  -0.000250592
132.4  -0.000275807
132.6  -0.000331714
132.8  -0.000361731
133  -0.000364204
133.2  -0.000356417
133.4  -0.000347636
133.6  -0.000342245
133.8  -0.000341299
134  -0.000342687
134.2  -0.00034395
134.4  -0.000344192
134.6  -0.00034366
134.8  -0.000342849
135  -0.000342142
135.2  -0.000341816
135.4  -0.000342107
135.6  -0.000342977
135.8  -0.00034283
136  -0.00033499
136.2  -0.000307296
136.4  -0.000267814
136.6  -0.00026913
136.8  -0.000321711
137  -0.000364618
137.2  -0.000375303
137.4  -0.000369836
137.6  -0.000360754
137.8  -0.000353759
138  -0.000351257
138.2  -0.000352107
138.4  -0.000353614
138.6  -0.00035425
138.8  -0.000353951
139  -0.000353193
139.2  -0.00035241
139.4  -0.000351911
139.6  -0.000351947
139.8  -0.000352652
140  -0.000353296
140.2  -0.00034964
140.4  -0.0003306
140.6  -0.000291331
140.8  -0.00027081
141  -0.000309619
141.2  -0.000362525
141.4  -0.000384219
141.6  -0.000382808
141.8  -0.000374195
142  -0.000365953
142.2  -0.000361708
142.4  -0.000361603
142.6  -0.000363139
142.8  -0.000364171
143  -0.000364179
143.2  -0.000363535
143.4  -0.000362719
143.6  -0.000362082
143.8  -0.000361889
144  -0.00036235
144.2  -0.000363236
144.4  -0.00036211
144.6  -0.00035048
144.8  -0.000317295
145  -0.000282256
145.2  -0.000299358
145.4  -0.000355285
145.6  -0.000389863
145.8  -0.00039486
146  -0.000387717
146.2  -0.000378755
146.4  -0.000372779
146.6  -0.000371325
146.8  -0.000372572
147  -0.000373938
147.2  -0.000374313
147.4  -0.000373854
147.6  -0.000373055
147.8  -0.000372316
148  -0.000371927
148.2  -0.000372127
148.4  -0.000372954
148.6  -0.000373164
148.8  -0.000366993
149  -0.000342363
149.2  -0.000302083
149.4  -0.000295245
149.6  -0.000344174
149.8  -0.000391094
150  -0.000405311
150.2  -0.000401028
150.4  -0.000392013
150.6  -0.000384534
150.8  -0.000381438
151  -0.000382003
151.2  -0.00038355
151.4  -0.000384326
151.6  -0.000384126
151.8  -0.0003834
152  -0.000382601
152.2  -0.000382049
152.4  -0.000382002
152.6  -0.000382627
152.8  -0.000383403
153  -0.000380794
153.2  -0.000364538
153.4  -0.000326903
153.6  -0.000300307
153.8  -0.000332201
154  -0.000387151
154.2  -0.000413217
154.4  -0.000413744
154.6  -0.000405515
154.8  -0.000396955
155  -0.000392093
155.2  -0.000391559
155.4  -0.000393034
155.6  -0.000394195
155.8  -0.000394324
156  -0.000393737
156.2  -0.000392921
156.4  -0.000392244
156.6  -0.000391979
156.8  -0.000392348
157  -0.000393238
157.2  -0.000392692
157.4  -0.000383202
157.6  -0.00035289
157.8  -0.000314974
158  -0.000323609
158.2  -0.000378308
158.4  -0.000417436
158.6  -0.000425329
158.8  -0.000419003
159  -0.00040994
159.2  -0.000403401
159.4  -0.000401399
159.6  -0.000402454
159.8  -0.000403906
160  -0.00040442
160.2  -0.000404043
160.4  -0.000403262
160.6  -0.000402498
160.8  -0.000402048
161  -0.000402158
161.2  -0.000402925
161.4  -0.000403403
161.6  -0.000398681
161.8  -0.000377109
162  -0.000337004
162.2  -0.000322472
162.4  -0.000366448
162.6  -0.000416892
162.8  -0.000435008
163  -0.000432158
163.2  -0.000423312
163.4  -0.000415398
163.6  -0.000411686
163.8  -0.000411912
164  -0.000413468
164.2  -0.000414384
164.4  -0.000414292
164.6  -0.000413607
164.8  -0.000412797
165  -0.000412197
165.2  -0.00041207
165.4  -0.000412608
165.6  -0.000413462
165.8  -0.000411725
166  -0.000398071
166.2  -0.000362661
166.4  -0.000331008
166.6  -0.000355132
166.8  -0.000411109
167  -0.00044175
167.2  -0.000444551
167.4  -0.000436845
167.6  -0.000428035
167.8  -0.000422562
168  -0.000421549
168.2  -0.00042292
168.4  -0.000424198
168.6  -0.000424458
168.8  -0.000423936
169  -0.000423127
169.2  -0.000422415
169.4  -0.00042208
169.6  -0.000422357
169.8  -0.000423222
170  -0.000423133
170.2  -0.000415551
170.4  -0.000388302
170.6  -0.000348642
170.8  -0.000348749
171  -0.000400876
171.2  -0.00044439
171.4  -0.000455567
171.6  -0.00045026
171.8  -0.000441183
172  -0.000434115
172.2  -0.000431528
172.4  -0.000432338
172.6  -0.000433854
172.8  -0.00043451
173  -0.000434225
173.2  -0.000433471
173.4  -0.000432686
173.6  -0.000432179
173.8  -0.000432202
174  -0.000432895
174.2  -0.000433563
174.4  -0.00043008
174.6  -0.000411479
174.8  -0.00037242
175  -0.000350905
175.2  -0.000388711
175.4  -0.000441987
175.6  -0.000464337
175.8  -0.000463205
176  -0.000454644
176.2  -0.00044635
176.4  -0.00044201
176.6  -0.000441842
176.8  -0.00044337
177  -0.000444423
177.2  -0.000444449
177.4  -0.000443813
177.6  -0.000442998
177.8  -0.000442354
178  -0.000442149
178.2  -0.000442596
178.4  -0.000443484
178.6  -0.00044246
178.8  -0.000431192
179  -0.000398455
179.2  -0.000362877
179.4  -0.000378624
179.6  -0.000434436
179.8  -0.000469754
180  -0.000475194
180.2  -0.000468172
180.4  -0.000459189
180.6  -0.00045312
180.8  -0.00045158
181  -0.000452799
181.2  -0.00045418
181.4  -0.000454578
181.6  -0.000454131
181.8  -0.000453335
182  -0.000452592
182.2  -0.000452192
182.4  -0.000452377
182.6  -0.000453195
182.8  -0.000453456
183  -0.000447546
183.2  -0.000423439
183.4  -0.000383124
183.6  -0.000374942
183.8  -0.000423117
184  -0.000470673
184.2  -0.000485526
184.4  -0.000481469
184.6  -0.000472476
184.8  -0.00046492
185  -0.000461721
185.2  -0.000462232
185.4  -0.000463782
185.6  -0.000464583
185.8  -0.000464401
186  -0.000463681
186.2  -0.00046288
186.4  -0.00046232
186.6  -0.000462259
186.8  -0.000462868
187  -0.000463661
187.2  -0.000461219
187.4  -0.000445439
187.6  -0.000408163
187.8  -0.000380593
188  -0.000411162
188.2  -0.00046637
188.4  -0.000493235
188.6  -0.000494141
188.8  -0.000485995
189  -0.000477387
189.2  -0.000472416
189.4  -0.000471799
189.6  -0.000473259
189.8  -0.000474441
190  -0.000474594
190.2  -0.000474017
190.4  -0.000473203
190.6  -0.000472519
190.8  -0.000472241
191  -0.000472593
191.2  -0.000473481
191.4  -0.000473027
191.6  -0.000463908
191.8  -0.000434154
192  -0.000395833
192.2  -0.000402884
192.4  -0.000457206
192.6  -0.000497162
192.8  -0.000505634
193  -0.000499482
193.2  -0.00049041
193.4  -0.000483771
193.6  -0.000481663
193.8  -0.000482676
194  -0.000484141
194.2  -0.000484682
194.4  -0.000484321
194.6  -0.000483546
194.8  -0.000482777
195  -0.000482316
195.2  -0.000482409
195.4  -0.000483163
195.6  -0.000483682
195.8  -0.000479215
196  -0.000458225
196.2  -0.000418261
196.4  -0.000402321
196.6  -0.000445195
196.8  -0.000496243
197  -0.00051515
197.2  -0.000512609
197.4  -0.00050381
197.6  -0.000495819
197.8  -0.000491986
198  -0.00049214
198.2  -0.000493693
198.4  -0.000494636
198.6  -0.000494567
198.8  -0.000493891
199  -0.000493079
199.2  -0.000492471
199.4  -0.000492328
199.6  -0.000492847
199.8  -0.000493712
200  -0.000492129
