0 0 2.2
0.2 0.429613  2.08692
0.4 0.832986  1.94603
0.6 1.20857  1.81205
0.8 1.55861  1.68954
1 1.88443  1.5677
1.2 2.18505  1.43667
1.4 2.45845  1.29631
1.6 2.70356  1.15588
1.8 2.92169  1.02879
2 3.1168  0.927563
2.2 3.29508  0.86173
2.4 3.46431  0.838191
2.6 3.63355  0.862583
2.8 3.81291  0.940371
3 4.01361  1.07673
3.2 4.24768  1.27401
3.4 4.52684  1.5251
3.6 4.85954  1.80257
3.8 5.24597  2.05125
4 5.67351  2.20348
4.2 6.11833  2.22315
4.4 6.55549  2.13518
4.6 6.96922  1.99882
4.8 7.35496  1.86033
5 7.71425  1.73439
5.2 8.04909  1.61379
5.4 8.35932  1.4868
5.6 8.64308  1.34925
5.8 8.89871  1.20737
6 9.12656  1.07371
6.2 9.32963  0.961569
6.4 9.51334  0.88163
6.6 9.68495  0.841637
6.8 9.85306  0.847536
7 10.0274  0.904784
7.2 10.2188  1.0188
7.4 10.439  1.19351
7.6 10.7001  1.4264
7.8 11.0122  1.699
8 11.3794  1.96638
8.2 11.7939  2.16156
8.4 12.2354  2.231
8.6 12.6779  2.17692
8.8 13.1015  2.05168
9 13.4976  1.9106
9.2 13.8665  1.78004
9.4 14.2103  1.65893
9.6 14.5299  1.53537
9.8 14.8237  1.40155
10 15.0899  1.26001
10.2 15.3279  1.12167
10.4 15.5397  1.00009
10.6 15.7299  0.907102
10.8 15.9051  0.851462
11 16.0734  0.839615
11.2 16.2442  0.877082
11.4 16.4279  0.969336
11.6 16.6359  1.12121
11.8 16.8804  1.33346
12 17.1726  1.59493
12.2 17.5194  1.87134
12.4 17.9181  2.10152
12.6 18.3525  2.22112
12.8 18.7976  2.2088
13 19.2297  2.1027
13.2 19.6364  1.96264
13.4 20.0152  1.82712
13.6 20.3681  1.70369
13.8 20.6968  1.58241
14 21.0005  1.4527
14.2 21.2772  1.3131
14.4 21.5256  1.172
14.6 21.7468  1.04264
14.8 21.9443  0.937799
15 22.1242  0.867386
15.2 22.2941  0.838545
15.4 22.4628  0.856988
15.6 22.6404  0.928176
15.8 22.8379  1.05739
16 23.0674  1.24756
16.2 23.3407  1.49321
16.4 23.6668  1.76991
16.6 24.0473  2.02561
16.8 24.471  2.1922
17 24.9152  2.22743
17.2 25.3543  2.14929
17.4 25.7713  2.01567
17.6 26.1603  1.87607
17.8 26.5226  1.74876
18 26.8603  1.6282
18.2 27.1735  1.50239
18.4 27.4605  1.36595
18.6 27.7195  1.22399
18.8 27.9505  1.08864
19 28.1563  0.973324
19.2 28.3419  0.889113
19.4 28.5145  0.844053
19.6 28.6825  0.844224
19.8 28.8556  0.895092
20 29.0443  1.00211
20.2 29.2605  1.16955
20.4 29.5161  1.39608
20.6 29.8218  1.66573
20.8 30.1826  1.93701
21 30.5923  2.1443
21.2 31.032  2.22985
21.4 31.4756  2.1883
21.6 31.9021  2.06824
21.8 32.3016  1.927
22 32.6736  1.79485
22.2 33.0203  1.67319
22.4 33.3428  1.55051
22.6 33.6398  1.41798
22.8 33.9094  1.2769
23 34.1506  1.13748
23.2 34.3654  1.01322
23.4 34.5578  0.916316
23.6 34.7343  0.855864
23.8 34.903  0.83851
24 35.073  0.869821
24.2 35.2545  0.955268
24.4 35.459  1.09987
24.6 35.6985  1.30518
24.8 35.9846  1.56203
25 36.3248  1.83942
25.2 36.7178  2.07884
25.4 37.1492  2.21396
25.6 37.5944  2.21633
25.8 38.029  2.11821
26 38.439  1.97953
26.2 38.821  1.84254
26.4 39.1769  1.71801
26.6 39.5085  1.59715
26.8 39.8152  1.46874
27 40.0952  1.33004
27.2 40.347  1.18846
27.4 40.5713  1.05698
27.6 40.7714  0.948633
27.8 40.953  0.873693
28 41.1236  0.839573
28.2 41.2919  0.852084
28.4 41.4679  0.916681
28.6 41.6624  1.03872
28.8 41.8874  1.22165
29 42.1549  1.46147
29.2 42.4744  1.73663
29.4 42.8487  1.99841
29.6 43.2683  2.17886
29.8 43.7115  2.23008
30 44.1523  2.16277
30.2 44.5724  2.03265
30.4 44.9648  1.89218
30.6 45.3301  1.76338
30.8 45.6707  1.64267
31 45.9869  1.51798
31.2 46.2771  1.38273
31.4 46.5395  1.24088
31.6 46.7738  1.10401
31.8 46.9824  0.985649
32 47.1701  0.897235
32.2 47.3438  0.84714
32.4 47.5119  0.841601
32.6 47.6838  0.886103
32.8 47.87  0.986115
33 48.0823  1.1462
33.2 48.3325  1.36609
33.4 48.6318  1.63218
33.6 48.986  1.90641
33.8 49.3907  2.12505
34 49.8281  2.2268
34.2 50.2725  2.19867
34.4 50.7018  2.0847
34.6 51.1047  1.94374
34.8 51.4798  1.80997
35 51.8295  1.68757
35.2 52.1549  1.56565
35.4 52.4551  1.43445
35.6 52.728  1.29399
35.8 52.9727  1.15366
36 53.1904  1.02689
36.2 53.3852  0.926153
36.4 53.5632  0.860932
36.6 53.7324  0.838094
36.8 53.9017  0.863265
37 54.0813  0.941911
37.2 54.2824  1.07919
37.4 54.517  1.27737
37.6 54.7969  1.52913
37.8 55.1304  1.80664
38 55.5176  2.05436
38.2 55.9456  2.20473
38.4 56.3905  2.22246
38.6 56.8273  2.13331
38.8 57.2407  1.99665
39 57.626  1.85832
39.2 57.9849  1.73254
39.4 58.3194  1.61193
39.6 58.6292  1.48479
39.8 58.9125  1.3471
40 59.1677  1.20524
40.2 59.3952  1.07181
40.4 59.5979  0.960066
40.6 59.7814  0.880658
40.8 59.9529  0.841288
41 60.121  0.847884
41.2 60.2954  0.905902
41.4 60.4871  1.02075
41.6 60.7078  1.19632
41.8 60.9695  1.42994
42 61.2825  1.70285
42.2 61.6503  1.96971
42.4 62.0654  2.16342
42.6 62.5071  2.23098
42.8 62.9494  2.17549
43 63.3726  2.0497
43.2 63.7684  1.90866
43.4 64.1369  1.77828
43.6 64.4804  1.65722
43.8 64.7996  1.53356
44 65.0931  1.39958
44.2 65.3589  1.25801
44.4 65.5965  1.11981
44.6 65.8079  0.998541
44.8 65.9978  0.906003
45 66.1728  0.85091
45.2 66.3411  0.839681
45.4 66.512  0.877833
45.6 66.6959  0.970838
45.8 66.9043  1.1235
46 67.1493  1.3365
46.2 67.4422  1.59844
46.4 67.7897  1.87469
46.6 68.1889  2.10382
46.8 68.6237  2.22173
47 69.0687  2.20787
47.2 69.5006  2.10098
47.4 69.9069  1.9608
47.6 70.2853  1.82544
47.8 70.6379  1.70212
48 70.9663  1.58079
48.2 71.2697  1.45094
48.4 71.546  1.31125
48.6 71.794  1.17021
48.8 72.0149  1.04108
49 72.2121  0.936615
49.2 72.3918  0.866676
49.4 72.5616  0.838378
49.6 72.7303  0.857427
49.8 72.9081  0.929281
50 73.1059  1.05921
50.2 73.3358  1.2501
50.4 73.6097  1.4963
50.6 73.9365  1.77311
50.8 74.3175  2.02817
51 74.7416  2.19336
51.2 75.1859  2.22704
51.4 75.6248  2.14789
51.6 76.0414  2.01397
51.8 76.4301  1.87448
52 76.7921  1.7473
52.2 77.1295  1.62674
52.4 77.4424  1.50083
52.6 77.7291  1.36427
52.8 77.9877  1.22231
53 78.2185  1.08712
53.2 78.4239  0.972098
53.4 78.6094  0.888288
53.6 78.7819  0.843701
53.8 78.9499  0.844402
54 79.123  0.895855
54.2 79.312  1.00351
54.4 79.5285  1.1716
54.6 79.7846  1.39872
54.8 80.0909  1.66866
55 80.4522  1.93963
55.2 80.8624  2.14588
55.4 81.3022  2.22999
55.6 81.7457  2.1873
55.8 82.1719  2.06674
56 82.5711  1.9255
56.2 82.9428  1.79348
56.4 83.2893  1.67188
56.6 83.6115  1.54913
56.8 83.9082  1.41648
57 84.1775  1.27536
57.2 84.4185  1.13602
57.4 84.6329  1.012
57.6 84.8251  0.915419
57.8 85.0015  0.855372
58 85.1701  0.838477
58.2 85.3402  0.870296
58.4 85.5219  0.956299
58.6 85.7266  1.10149
58.8 85.9665  1.30736
59 86.253  1.56461
59.2 86.5938  1.84195
59.4 86.9873  2.08066
59.6 87.4189  2.21456
59.8 87.864  2.21575
60 88.2985  2.11696
60.2 88.7082  1.97814
60.4 89.09  1.84127
60.6 89.4456  1.71684
60.8 89.7769  1.59595
61 90.0835  1.46744
61.2 90.3632  1.32866
61.4 90.6147  1.18711
61.6 90.8387  1.05579
61.8 91.0386  0.947704
62 91.22  0.873103
62.2 91.3905  0.839376
62.4 91.5589  0.852322
62.6 91.735  0.917396
62.8 91.9297  1.03995
63 92.155  1.2234
63.2 92.4229  1.46364
63.4 92.7429  1.73894
63.6 93.1176  2.00032
63.8 93.5375  2.17982
64 93.9807  2.22991
64.2 94.4214  2.16182
64.4 94.8413  2.03143
64.6 95.2334  1.89101
64.8 95.5985  1.76232
65 95.9389  1.64162
65.2 96.2549  1.51686
65.4 96.5449  1.38153
65.6 96.807  1.23966
65.8 97.0411  1.10289
66 97.2494  0.984726
66.2 97.437  0.896589
66.4 97.6106  0.846822
66.6 97.7787  0.84165
66.8 97.9506  0.886556
67 98.137  0.987007
67.2 98.3494  1.14755
67.4 98.6  1.36785
67.6 98.8997  1.63418
67.8 99.2543  1.90826
68 99.6592  2.12623
68.2 100.097  2.227
68.4 100.541  2.19804
68.6 100.97  2.08368
68.8 101.373  1.94269
69 101.748  1.80902
69.2 102.097  1.68667
69.4 102.423  1.5647
69.6 102.723  1.43342
69.8 102.995  1.29292
70 103.24  1.15264
70.2 103.457  1.02601
70.4 103.652  0.925489
70.6 103.83  0.860535
70.8 103.999  0.838001
71 104.168  0.863506
71.2 104.348  0.942517
71.4 104.549  1.08019
71.6 104.784  1.27875
71.8 105.064  1.53078
72 105.398  1.8083
72.2 105.786  2.05562
72.4 106.214  2.20522
72.6 106.659  2.22215
72.8 107.095  2.13252
73 107.509  1.99574
73.2 107.894  1.85747
73.4 108.252  1.73176
73.6 108.587  1.61113
73.8 108.896  1.48393
74 109.18  1.34619
74.2 109.435  1.20434
74.4 109.662  1.071
74.6 109.865  0.95942
74.8 110.048  0.880222
75 110.219  0.841097
75.2 110.387  0.847963
75.4 110.562  0.906274
75.6 110.754  1.02144
75.8 110.975  1.19733
76 111.237  1.43123
76.2 111.55  1.70424
76.4 111.918  1.97091
76.6 112.333  2.16407
76.8 112.775  2.23094
77 113.217  2.17494
77.2 113.64  2.04895
77.4 114.036  1.90793
77.6 114.404  1.77762
77.8 114.747  1.65657
78 115.067  1.53287
78.2 115.36  1.39884
78.4 115.626  1.25725
78.6 115.863  1.1191
78.8 116.074  0.997946
79 116.264  0.905566
79.2 116.439  0.850661
79.4 116.607  0.839642
79.6 116.778  0.878021
79.8 116.962  0.971271
80 117.171  1.12419
80.2 117.416  1.33742
80.4 117.709  1.59951
80.6 118.057  1.87571
80.8 118.456  2.10451
81 118.891  2.22189
81.2 119.336  2.20755
81.4 119.768  2.10042
81.6 120.174  1.9602
81.8 120.552  1.8249
82 120.905  1.7016
82.2 121.233  1.58026
82.4 121.536  1.45036
82.6 121.812  1.31065
82.8 122.06  1.16963
83 122.281  1.04057
83.2 122.478  0.936213
83.4 122.658  0.866409
83.6 122.828  0.838264
83.8 122.996  0.857479
84 123.174  0.929511
84.2 123.372  1.05963
84.4 123.602  1.2507
84.6 123.876  1.49704
84.8 124.203  1.77388
85 124.584  2.02877
85.2 125.008  2.19362
85.4 125.453  2.22691
85.6 125.892  2.14752
85.8 126.308  2.01353
86 126.697  1.87406
86.2 127.059  1.74691
86.4 127.396  1.62636
86.6 127.709  1.50041
86.8 127.995  1.36383
87 128.254  1.22187
87.2 128.485  1.08671
87.4 128.69  0.971761
87.6 128.875  0.888039
87.8 129.048  0.843553
88 129.216  0.844363
88.2 129.389  0.89593
88.4 129.578  1.0037
88.6 129.794  1.17192
88.8 130.051  1.39914
89 130.357  1.66913
89.2 130.718  1.94005
89.4 131.129  2.14611
89.6 131.568  2.22998
89.8 132.012  2.1871
90 132.438  2.06646
90.2 132.837  1.92522
90.4 133.209  1.79323
90.6 133.555  1.67163
90.8 133.877  1.54887
91 134.174  1.4162
91.2 134.443  1.27508
91.4 134.684  1.13575
91.6 134.899  1.01175
91.8 135.091  0.915223
92 135.267  0.855228
92.2 135.436  0.838389
92.4 135.606  0.870264
92.6 135.788  0.956323
92.8 135.992  1.10157
93 136.232  1.30749
93.2 136.519  1.56476
93.4 136.86  1.8421
93.6 137.253  2.08077
93.8 137.685  2.21457
94 138.13  2.21567
94.2 138.564  2.11683
94.4 138.974  1.97801
94.6 139.356  1.84114
94.8 139.711  1.71672
95 140.043  1.59583
95.2 140.349  1.46731
95.4 140.629  1.32853
95.6 140.88  1.18698
95.8 141.104  1.05567
96 141.304  0.947592
96.2 141.486  0.873
96.4 141.656  0.839279
96.6 141.824  0.852227
96.8 142  0.917297
97 142.195  1.03985
97.2 142.42  1.22328
97.4 142.688  1.4635
97.6 143.008  1.73879
97.8 143.383  2.00019
98 143.803  2.17974
98.2 144.246  2.22988
98.4 144.687  2.16183
98.6 145.107  2.03145
98.8 145.499  1.89103
99 145.864  1.76233
99.2 146.204  1.64163
99.4 146.52  1.51688
99.6 146.81  1.38155
99.8 147.072  1.23968
100 147.306  1.1029
100.2 147.515  0.984725
100.4 147.702  0.896559
100.6 147.876  0.846754
100.8 148.044  0.841535
101 148.216  0.886381
101.2 148.402  0.986759
101.4 148.615  1.14722
101.6 148.865  1.36745
101.8 149.165  1.63373
102 149.519  1.90784
102.2 149.924  2.12595
102.4 150.362  2.22692
102.6 150.806  2.19812
102.8 151.235  2.08385
103 151.638  1.94287
103.2 152.013  1.80917
103.4 152.362  1.68681
103.6 152.688  1.56485
103.8 152.988  1.43359
104 153.26  1.2931
104.2 153.505  1.15281
104.4 153.722  1.02614
104.6 153.917  0.925563
104.8 154.095  0.860532
105 154.264  0.837904
105.2 154.433  0.863298
105.4 154.613  0.94218
105.6 154.814  1.07971
105.8 155.049  1.27812
106 155.329  1.53004
106.2 155.663  1.80756
106.4 156.05  2.05505
106.6 156.478  2.20496
106.8 156.923  2.22223
107 157.36  2.1328
107.2 157.773  1.99607
107.4 158.158  1.85778
107.6 158.517  1.73204
107.8 158.851  1.61142
108 159.161  1.48424
108.2 159.444  1.34653
108.4 159.699  1.20467
108.6 159.927  1.07129
108.8 160.129  0.959626
109 160.313  0.880317
109.2 160.484  0.841056
109.4 160.652  0.847764
109.6 160.827  0.905893
109.8 161.018  1.02086
110 161.239  1.19653
110.2 161.501  1.43024
110.4 161.814  1.70317
110.6 162.182  1.96998
110.8 162.597  2.16354
111 163.039  2.2309
111.2 163.481  2.17528
111.4 163.904  2.04944
111.6 164.3  1.9084
111.8 164.668  1.77804
112 165.012  1.65698
112.2 165.331  1.53331
112.4 165.624  1.39933
112.6 165.89  1.25775
112.8 166.128  1.11956
113 166.339  0.998306
113.2 166.529  0.905788
113.4 166.704  0.850711
113.6 166.872  0.839491
113.8 167.043  0.87764
114 167.227  0.970631
114.2 167.435  1.12327
114.4 167.68  1.33623
114.6 167.973  1.59815
114.8 168.32  1.87441
115 168.72  2.10361
115.2 169.154  2.22162
115.4 169.599  2.20785
115.6 170.031  2.10102
115.8 170.438  1.96085
116 170.816  1.82548
116.2 171.169  1.70214
116.4 171.497  1.58082
116.6 171.8  1.45098
116.8 172.077  1.3113
117 172.325  1.17026
117.2 172.546  1.0411
117.4 172.743  0.936588
117.6 172.922  0.866582
117.8 173.092  0.838198
118 173.261  0.857139
118.2 173.439  0.928861
118.4 173.636  1.05864
118.6 173.866  1.24936
118.8 174.14  1.49543
119 174.466  1.77221
119.2 174.847  2.02743
119.4 175.271  2.19299
119.6 175.716  2.22706
119.8 176.154  2.14818
120 176.571  2.01433
120.2 176.96  1.87481
120.4 177.322  1.7476
120.6 177.659  1.62704
120.8 177.972  1.50115
121 178.259  1.36463
121.2 178.518  1.22267
121.4 178.749  1.08743
121.6 178.954  0.972312
121.8 179.14  0.888365
122 179.312  0.843606
122.2 179.48  0.844102
122.4 179.653  0.895315
122.6 179.842  1.00269
122.8 180.058  1.17049
123 180.314  1.39733
123.2 180.62  1.66714
123.4 180.981  1.93826
123.6 181.391  2.14502
123.8 181.831  2.22983
124 182.274  2.1877
124.2 182.701  2.06739
124.4 183.1  1.92616
124.6 183.472  1.79407
124.8 183.818  1.67243
125 184.141  1.54972
125.2 184.438  1.41714
125.4 184.707  1.27604
125.6 184.948  1.13665
125.8 185.163  1.0125
126 185.355  0.915727
126.2 185.531  0.855432
126.4 185.7  0.838244
126.6 185.87  0.869723
126.8 186.052  0.955338
127 186.256  1.1001
127.2 186.496  1.30556
127.4 186.782  1.56251
127.6 187.122  1.83989
127.8 187.515  2.07914
128 187.947  2.21399
128.2 188.392  2.21611
128.4 188.826  2.11784
128.6 189.236  1.97913
128.8 189.618  1.84216
129 189.974  1.71766
129.2 190.305  1.59679
129.4 190.612  1.46836
129.6 190.892  1.32964
129.8 191.144  1.18807
130 191.368  1.05661
130.2 191.568  0.948296
130.4 191.75  0.873384
130.6 191.92  0.839283
130.8 192.088  0.851799
131 192.264  0.916383
131.2 192.459  1.0384
131.4 192.684  1.22128
131.6 192.951  1.46105
131.8 193.271  1.7362
132 193.645  1.99802
132.2 194.064  2.17861
132.4 194.507  2.22999
132.6 194.948  2.1628
132.8 195.368  2.03272
133 195.761  1.89225
133.2 196.126  1.76343
133.4 196.467  1.64271
133.6 196.783  1.51803
133.8 197.073  1.3828
134 197.336  1.24095
134.2 197.57  1.10406
134.4 197.778  0.985646
134.6 197.966  0.897148
134.8 198.14  0.846939
135 198.308  0.841255
135.2 198.48  0.885578
135.4 198.666  0.985374
135.6 198.878  1.14522
135.8 199.128  1.36487
136 199.427  1.63083
136.2 199.781  1.90515
136.4 200.185  2.12419
136.6 200.623  2.22654
136.8 201.067  2.19893
137 201.496  2.08521
137.2 201.899  1.94427
137.4 202.275  1.81044
137.6 202.624  1.68801
137.8 202.95  1.56611
138 203.25  1.43496
138.2 203.523  1.29454
138.4 203.768  1.15417
138.6 203.986  1.02729
138.8 204.181  0.926379
139 204.359  0.860926
139.2 204.528  0.837806
139.4 204.697  0.862643
139.6 204.876  0.940902
139.8 205.077  1.07775
140 205.312  1.27549
140.2 205.591  1.52691
140.4 205.924  1.80441
140.6 206.311  2.05263
140.8 206.739  2.20395
141 207.183  2.2227
141.2 207.62  2.13417
141.4 208.034  1.99766
141.6 208.419  1.85925
141.8 208.779  1.73338
142 209.113  1.61277
142.2 209.423  1.48572
142.4 209.707  1.34811
142.6 209.962  1.20623
142.8 210.19  1.07267
143 210.393  0.960686
143.2 210.576  0.880945
143.4 210.748  0.84117
143.6 210.916  0.847292
143.8 211.09  0.904764
144 211.281  1.019
144.2 211.502  1.19392
144.4 211.763  1.42698
144.6 212.075  1.69965
144.8 212.442  1.96693
145 212.857  2.1618
145.2 213.299  2.23086
145.4 213.741  2.1765
145.6 214.164  2.05116
145.8 214.561  1.91008
146 214.929  1.77955
146.2 215.273  1.65845
146.4 215.592  1.53488
146.6 215.886  1.40103
146.8 216.152  1.25949
147 216.39  1.12117
147.2 216.602  0.999622
147.4 216.792  0.906672
147.6 216.967  0.851065
147.8 217.135  0.839235
148 217.306  0.876696
148.2 217.49  0.968922
148.4 217.698  1.12074
148.6 217.942  1.33293
148.8 218.234  1.59435
149 218.581  1.87078
149.2 218.979  2.10109
149.4 219.414  2.22089
149.6 219.859  2.20877
149.8 220.291  2.10278
150 220.698  1.96273
150.2 221.076  1.82719
150.4 221.429  1.70374
150.6 221.758  1.58248
150.8 222.062  1.45279
151 222.338  1.3132
151.2 222.587  1.17209
151.4 222.808  1.04267
151.6 223.006  0.937745
151.8 223.186  0.867201
152 223.355  0.838187
152.2 223.524  0.856415
152.4 223.701  0.927339
152.6 223.899  1.05625
152.8 224.128  1.24609
153 224.401  1.49147
153.2 224.727  1.76811
153.4 225.107  2.02414
153.6 225.53  2.19144
153.8 225.974  2.22746
154 226.414  2.14985
154.2 226.831  2.01639
154.4 227.22  1.87674
154.6 227.582  1.74935
154.8 227.92  1.62878
155 228.233  1.50305
155.2 228.521  1.36667
155.4 228.78  1.22471
155.6 229.011  1.08926
155.8 229.217  0.973755
156 229.402  0.889271
156.2 229.575  0.843868
156.4 229.743  0.84363
156.6 229.916  0.894018
156.8 230.104  1.00048
157 230.32  1.16733
157.2 230.575  1.39331
157.4 230.88  1.66269
157.6 231.241  1.93426
157.8 231.65  2.14256
158 232.089  2.22952
158.2 232.533  2.18911
158.4 232.96  2.06954
158.6 233.359  1.92831
158.8 233.732  1.79601
159 234.079  1.67429
159.2 234.401  1.55169
159.4 234.699  1.41928
159.6 234.968  1.27826
159.8 235.21  1.13874
160 235.425  1.01423
160.2 235.617  0.916938
160.4 235.794  0.855992
160.6 235.963  0.838052
160.8 236.133  0.868685
161 236.314  0.953358
161.2 236.518  1.09711
161.4 236.757  1.30158
161.6 237.042  1.55784
161.8 237.381  1.83529
162 237.774  2.07578
162.2 238.205  2.21279
162.4 238.65  2.21703
162.6 239.085  2.11996
162.8 239.495  1.98149
163 239.877  1.84433
163.2 240.234  1.71966
163.4 240.566  1.59884
163.6 240.873  1.47059
163.8 241.153  1.33201
164 241.405  1.19039
164.2 241.63  1.05864
164.4 241.83  0.949824
164.6 242.012  0.874263
164.8 242.183  0.839399
165 242.351  0.851051
165.2 242.527  0.914668
165.4 242.721  1.03562
165.6 242.945  1.21742
165.8 243.211  1.45629
166 243.53  1.73115
166.2 243.903  1.99379
166.4 244.322  2.1764
166.6 244.765  2.2302
166.8 245.206  2.16472
167 245.626  2.03523
167.2 246.019  1.89465
167.4 246.385  1.7656
167.6 246.726  1.64484
167.8 247.043  1.52033
168 247.334  1.38529
168.2 247.596  1.24347
168.4 247.831  1.10636
168.6 248.04  0.987497
168.8 248.228  0.898365
169 248.402  0.847387
169.2 248.57  0.840825
169.4 248.742  0.884162
169.6 248.928  0.982866
169.8 249.139  1.14155
170 249.388  1.36014
170.2 249.686  1.62548
170.4 250.039  1.90017
170.6 250.443  2.12092
170.8 250.88  2.22583
171 251.324  2.20042
171.2 251.754  2.08777
171.4 252.157  1.94692
171.6 252.533  1.81283
171.8 252.883  1.69026
172 253.209  1.56847
172.2 253.51  1.43754
172.4 253.784  1.29722
172.6 254.029  1.15673
172.8 254.247  1.02946
173 254.442  0.927947
173.2 254.621  0.861728
173.4 254.79  0.83772
173.6 254.959  0.861557
173.8 255.138  0.938701
174 255.338  1.07434
174.2 255.572  1.27089
174.4 255.85  1.52141
174.6 256.182  1.79884
174.8 256.568  2.04833
175 256.995  2.20216
175.2 257.44  2.22352
175.4 257.877  2.13659
175.6 258.291  2.0005
175.8 258.677  1.86188
176 259.037  1.73579
176.2 259.372  1.6152
176.4 259.683  1.48836
176.6 259.967  1.35093
176.8 260.223  1.20903
177 260.451  1.07516
177.2 260.654  0.962612
177.4 260.838  0.882119
177.6 261.01  0.841453
177.8 261.178  0.846563
178 261.352  0.902904
178.2 261.543  1.0159
178.4 261.762  1.18952
178.6 262.022  1.42147
178.8 262.333  1.69366
179 262.7  1.96171
179.2 263.113  2.15882
179.4 263.555  2.23076
179.6 263.997  2.17859
179.8 264.421  2.05411
180 264.818  1.91298
180.2 265.187  1.78216
180.4 265.531  1.66098
180.6 265.851  1.53757
180.8 266.146  1.40395
181 266.412  1.26248
181.2 266.651  1.12395
181.4 266.863  1.0019
181.6 267.054  0.908232
181.8 267.229  0.851737
182 267.397  0.83889
182.2 267.568  0.875209
182.4 267.751  0.966166
182.6 267.958  1.11663
182.8 268.202  1.32753
183 268.493  1.58813
183.2 268.838  1.8648
183.4 269.235  2.09691
183.6 269.669  2.21966
183.8 270.114  2.21025
184 270.547  2.1057
184.2 270.954  1.96587
184.4 271.334  1.83004
184.6 271.687  1.70639
184.8 272.016  1.58522
185 272.321  1.45578
185.2 272.598  1.31635
185.4 272.847  1.17514
185.6 273.069  1.04531
185.8 273.267  0.939699
186 273.447  0.868282
186.2 273.617  0.838249
186.4 273.785  0.855327
186.6 273.963  0.924969
186.8 274.159  1.05248
187 274.388  1.24091
187.2 274.659  1.48518
187.4 274.984  1.76157
187.6 275.363  2.01886
187.8 275.786  2.18892
188 276.229  2.22806
188.2 276.669  2.15252
188.4 277.087  2.0197
188.6 277.477  1.87986
188.8 277.84  1.75218
189 278.178  1.6316
189.2 278.492  1.50608
189.4 278.78  1.36994
189.6 279.039  1.22798
189.8 279.271  1.09223
190 279.478  0.976104
190.2 279.664  0.890774
190.4 279.836  0.844357
190.6 280.004  0.842965
190.8 280.177  0.892063
191 280.365  0.997105
191.2 280.58  1.16245
191.4 280.834  1.3871
191.6 281.138  1.65579
191.8 281.497  1.92802
192 281.905  2.1387
192.2 282.344  2.22898
192.4 282.788  2.19127
192.6 283.215  2.0729
192.8 283.615  1.9317
193 283.988  1.79907
193.2 284.336  1.67721
193.4 284.659  1.55477
193.6 284.957  1.42263
193.8 285.228  1.28173
194 285.47  1.14201
194.2 285.685  1.01697
194.4 285.878  0.918872
194.6 286.055  0.856926
194.8 286.224  0.837835
195 286.394  0.867173
195.2 286.574  0.950407
195.4 286.778  1.0926
195.6 287.016  1.29557
195.8 287.3  1.55078
196 287.637  1.8283
196.2 288.028  2.07061
196.4 288.459  2.21091
196.6 288.904  2.21839
196.8 289.339  2.12318
197 289.75  1.98511
197.2 290.133  1.84765
197.4 290.49  1.72272
197.6 290.823  1.60196
197.8 291.131  1.47399
198 291.412  1.33562
198.2 291.665  1.19392
198.4 291.89  1.06175
198.6 292.091  0.952191
198.8 292.273  0.875658
199 292.444  0.839649
199.2 292.612  0.850006
199.4 292.787  0.912178
199.6 292.981  1.03155
199.8 293.204  1.21173
200 293.469  1.44925
