0 0 2.2
0.2 0.432  2.09216
0.4 0.836862  1.95417
0.6 1.21367  1.82055
0.8 1.56508  1.69709
1 1.8925  1.57422
1.2 2.19477  1.44288
1.4 2.46965  1.30317
1.6 2.71604  1.16427
1.8 2.93536  1.0395
2 3.13184  0.941409
2.2 3.31193  0.879691
2.4 3.48371  0.861493
2.6 3.65652  0.892696
2.8 3.84079  0.978845
3 4.04806  1.12467
3.2 4.29066  1.33083
3.4 4.58039  1.5864
3.6 4.92522  1.85832
3.8 5.32372  2.08803
4 5.76043  2.21343
4.2 6.20909  2.21114
4.4 6.64489  2.11361
4.6 7.05454  1.97741
4.8 7.43585  1.842
5 7.79134  1.71731
5.2 8.12278  1.59514
5.4 8.4294  1.4655
5.6 8.70898  1.32674
5.8 8.96009  1.18682
6 9.18371  1.05876
6.2 9.3836  0.955464
6.4 9.56589  0.887129
6.6 9.73845  0.861248
6.8 9.91039  0.883823
7 10.092  0.960437
7.2 10.2946  1.09609
7.4 10.5304  1.2925
7.6 10.8116  1.54141
7.8 11.147  1.81408
8 11.5372  2.05555
8.2 11.9692  2.2015
8.4 12.4178  2.21958
8.6 12.857  2.13405
8.8 13.2714  2.00075
9 13.6573  1.86379
9.2 14.0169  1.7376
9.4 14.3524  1.61583
9.6 14.6633  1.48784
9.8 14.9475  1.35027
10 15.2034  1.2097
10.2 15.4314  1.07872
10.4 15.6349  0.970497
10.6 15.8196  0.895752
10.8 15.9932  0.862351
11 16.1645  0.876453
11.2 16.3437  0.943678
11.4 16.542  1.06922
11.6 16.7714  1.25569
11.8 17.0443  1.49715
12 17.3703  1.76901
12.2 17.7519  2.02033
12.4 18.1784  2.18586
12.6 18.6262  2.22506
12.8 19.0684  2.15319
13 19.4875  2.02407
13.2 19.8781  1.88592
13.4 20.2419  1.75803
13.6 20.5813  1.63633
13.8 20.8964  1.50989
14 21.1852  1.3737
14.2 21.4459  1.23285
14.4 21.6784  1.09931
14.6 21.8856  0.986468
14.8 22.073  0.905527
15 22.2478  0.864775
15.2 22.4189  0.870561
15.4 22.596  0.928544
15.6 22.7903  1.04406
15.8 23.0137  1.22044
16 23.2785  1.4538
16.2 23.5952  1.72341
16.4 23.9678  1.98267
16.6 24.3882  2.16656
16.8 24.8345  2.22735
17 25.2792  2.17076
17.2 25.7028  2.0472
17.4 26.0981  1.9084
17.6 26.4661  1.77864
17.8 26.8095  1.65669
18 27.1288  1.53164
18.2 27.4222  1.39699
18.4 27.6876  1.2562
18.6 27.9247  1.12049
18.8 28.1358  1.00333
19 28.326  0.916425
19.2 28.5024  0.868495
19.4 28.6734  0.86612
19.6 28.8488  0.915014
19.8 29.0394  1.02061
20 29.257  1.18682
20.2 29.5141  1.41152
20.4 29.8217  1.67757
20.6 30.1852  1.94287
20.8 30.5988  2.1437
21 31.0426  2.22627
21.2 31.4893  2.18647
21.4 31.9172  2.06999
21.6 32.3173  1.93119
21.8 32.6897  1.79949
22 33.0371  1.67694
22.2 33.3605  1.5531
22.4 33.6583  1.42009
22.6 33.9285  1.27969
22.8 34.1702  1.14219
23 34.3854  1.02105
23.2 34.5786  0.928412
23.4 34.7567  0.873483
23.6 34.928  0.863106
23.8 35.102  0.903062
24 35.2893  0.998853
24.2 35.5015  1.15485
24.4 35.7512  1.37045
24.6 36.0497  1.63177
24.8 36.4039  1.90127
25 36.8102  2.11743
25.2 37.2509  2.22165
25.4 37.6989  2.20004
25.6 38.1309  2.09223
25.8 38.5358  1.95424
26 38.9126  1.82062
26.2 39.264  1.69715
26.4 39.5914  1.57428
26.6 39.8937  1.44296
26.8 40.1686  1.30324
27 40.415  1.16434
27.2 40.6344  1.03956
27.4 40.8308  0.941452
27.6 41.0109  0.879713
27.8 41.1827  0.86149
28 41.3555  0.892665
28.2 41.5398  0.978783
28.4 41.7471  1.12457
28.6 41.9896  1.3307
28.8 42.2793  1.58626
29 42.6241  1.85818
29.2 43.0226  2.08793
29.4 43.4593  2.2134
29.6 43.908  2.21117
29.8 44.3438  2.11368
30 44.7534  1.97748
30.2 45.1348  1.84207
30.4 45.4903  1.71737
30.6 45.8217  1.59521
30.8 46.1284  1.46557
31 46.4079  1.32682
31.2 46.6591  1.18689
31.4 46.8827  1.05882
31.6 47.0826  0.95551
31.8 47.2649  0.887155
32 47.4375  0.861249
32.2 47.6094  0.883797
32.4 47.791  0.960381
32.6 47.9936  1.096
32.8 48.2294  1.29238
33 48.5105  1.54127
33.2 48.8459  1.81394
33.4 49.2361  2.05544
33.6 49.6681  2.20145
33.8 50.1167  2.2196
34 50.5559  2.13411
34.2 50.9703  2.00083
34.4 51.3562  1.86386
34.6 51.7159  1.73767
34.8 52.0513  1.6159
35 52.3622  1.48791
35.2 52.6465  1.35035
35.4 52.9024  1.20978
35.6 53.1304  1.07878
35.8 53.3339  0.970547
36 53.5186  0.895781
36.2 53.6922  0.862356
36.4 53.8635  0.876432
36.6 54.0428  0.943627
36.8 54.241  1.06913
37 54.4704  1.25557
37.2 54.7432  1.49701
37.4 55.0692  1.76886
37.6 55.4508  2.02021
37.8 55.8773  2.1858
38 56.3251  2.22507
38.2 56.7673  2.15325
38.4 57.1864  2.02414
38.6 57.577  1.88599
38.8 57.9408  1.75809
39 58.2802  1.6364
39.2 58.5953  1.50996
39.4 58.8842  1.37378
39.6 59.1449  1.23293
39.8 59.3774  1.09938
40 59.5846  0.98652
40.2 59.772  0.90556
40.4 59.9468  0.864785
40.6 60.1179  0.870545
40.8 60.2951  0.928498
41 60.4893  1.04398
41.2 60.7126  1.22033
41.4 60.9774  1.45366
41.6 61.2941  1.72326
41.8 61.6667  1.98254
42 62.0871  2.16649
42.2 62.5333  2.22735
42.4 62.9781  2.17081
42.6 63.4017  2.04728
42.8 63.797  1.90847
43 64.165  1.77871
43.2 64.5085  1.65675
43.4 64.8277  1.53171
43.6 65.1211  1.39706
43.8 65.3866  1.25627
44 65.6237  1.12056
44.2 65.8348  1.00339
44.4 66.025  0.916462
44.6 66.2014  0.868509
44.8 66.3724  0.866109
45 66.5478  0.914973
45.2 66.7384  1.02053
45.4 66.956  1.18671
45.6 67.2131  1.41138
45.8 67.5206  1.67742
46 67.8841  1.94274
46.2 68.2977  2.14363
46.4 68.7415  2.22626
46.6 69.1882  2.18652
46.8 69.6161  2.07006
47 70.0162  1.93126
47.2 70.3886  1.79956
47.4 70.736  1.677
47.6 71.0594  1.55317
47.8 71.3573  1.42016
48 71.6275  1.27976
48.2 71.8692  1.14226
48.4 72.0844  1.0211
48.6 72.2776  0.928452
48.8 72.4558  0.873501
49 72.627  0.863098
49.2 72.801  0.903027
49.4 72.9883  0.998786
49.6 73.2005  1.15475
49.8 73.4502  1.37032
50 73.7486  1.63162
50.2 74.1028  1.90113
50.4 74.5091  2.11734
50.6 74.9497  2.22163
50.8 75.3978  2.20008
51 75.8298  2.09229
51.2 76.2347  1.95431
51.4 76.6115  1.82069
51.6 76.9629  1.69721
51.8 77.2904  1.57435
52 77.5927  1.44303
52.2 77.8676  1.30332
52.4 78.114  1.16441
52.6 78.3334  1.03962
52.8 78.5299  0.941496
53 78.71  0.879735
53.2 78.8818  0.861488
53.4 79.0546  0.892635
53.6 79.2388  0.978722
53.8 79.446  1.12448
54 79.6886  1.33058
54.2 79.9783  1.58611
54.4 80.323  1.85804
54.6 80.7215  2.08783
54.8 81.1582  2.21337
55 81.6068  2.2112
55.2 82.0427  2.11375
55.4 82.4523  1.97756
55.6 82.8337  1.84214
55.8 83.1892  1.71744
56 83.5207  1.59527
56.2 83.8273  1.46564
56.4 84.1069  1.32689
56.6 84.3581  1.18697
56.8 84.5817  1.05888
57 84.7816  0.955557
57.2 84.9639  0.887181
57.4 85.1365  0.861251
57.6 85.3084  0.883771
57.8 85.49  0.960325
58 85.6926  1.09591
58.2 85.9284  1.29226
58.4 86.2095  1.54113
58.6 86.5448  1.8138
58.8 86.935  2.05533
59 87.3669  2.20141
59.2 87.8155  2.21962
59.4 88.2548  2.13417
59.6 88.6692  2.0009
59.8 89.0552  1.86393
60 89.4148  1.73773
60.2 89.7502  1.61596
60.4 90.0612  1.48798
60.6 90.3454  1.35042
60.8 90.6013  1.20985
61 90.8294  1.07884
61.2 91.0329  0.970596
61.4 91.2176  0.89581
61.6 91.3912  0.862362
61.8 91.5626  0.876411
62 91.7418  0.943576
62.2 91.94  1.06905
62.4 92.1694  1.25546
62.6 92.4422  1.49687
62.8 92.7681  1.76872
63 93.1497  2.02009
63.2 93.5762  2.18575
63.4 94.024  2.22508
63.6 94.4662  2.15331
63.8 94.8853  2.02421
64 95.2759  1.88607
64.2 95.6397  1.75816
64.4 95.9792  1.63646
64.6 96.2943  1.51003
64.8 96.5832  1.37385
65 96.8438  1.233
65.2 97.0764  1.09944
65.4 97.2836  0.986573
65.6 97.471  0.905594
65.8 97.6459  0.864795
66 97.8169  0.870528
66.2 97.9941  0.928453
66.4 98.1883  1.0439
66.6 98.4116  1.22022
66.8 98.6764  1.45353
67 98.993  1.72311
67.2 99.3656  1.98242
67.4 99.786  2.16643
67.6 100.232  2.22735
67.8 100.677  2.17087
68 101.101  2.04735
68.2 101.496  1.90854
68.4 101.864  1.77877
68.6 102.207  1.65682
68.8 102.527  1.53178
69 102.82  1.39714
69.2 103.086  1.25635
69.4 103.323  1.12062
69.6 103.534  1.00344
69.8 103.724  0.916498
70 103.9  0.868523
70.2 104.071  0.866097
70.4 104.247  0.914932
70.6 104.437  1.02046
70.8 104.655  1.18661
71 104.912  1.41125
71.2 105.22  1.67727
71.4 105.583  1.94261
71.6 105.997  2.14355
71.8 106.44  2.22625
72 106.887  2.18657
72.2 107.315  2.07013
72.4 107.715  1.93133
72.6 108.088  1.79962
72.8 108.435  1.67707
73 108.758  1.55324
73.2 109.056  1.42023
73.4 109.326  1.27984
73.6 109.568  1.14233
73.8 109.783  1.02116
74 109.977  0.928492
74.2 110.155  0.873519
74.4 110.326  0.863091
74.6 110.5  0.902991
74.8 110.687  0.998719
75 110.9  1.15465
75.2 111.149  1.37019
75.4 111.448  1.63148
75.6 111.802  1.901
75.8 112.208  2.11725
76 112.649  2.22161
76.2 113.097  2.20012
76.4 113.529  2.09236
76.6 113.934  1.95439
76.8 114.31  1.82076
77 114.662  1.69728
77.2 114.989  1.57442
77.4 115.292  1.4431
77.6 115.567  1.30339
77.8 115.813  1.16449
78 116.032  1.03968
78.2 116.229  0.941539
78.4 116.409  0.879756
78.6 116.581  0.861485
78.8 116.754  0.892604
79 116.938  0.978661
79.2 117.145  1.12439
79.4 117.388  1.33045
79.6 117.677  1.58597
79.8 118.022  1.8579
80 118.42  2.08773
80.2 118.857  2.21334
80.4 119.306  2.21124
80.6 119.742  2.11381
80.8 120.151  1.97763
81 120.533  1.84221
81.2 120.888  1.7175
81.4 121.22  1.59534
81.6 121.526  1.46572
81.8 121.806  1.32697
82 122.057  1.18704
82.2 122.281  1.05895
82.4 122.481  0.955603
82.6 122.663  0.887206
82.8 122.836  0.861252
83 123.007  0.883745
83.2 123.189  0.960269
83.4 123.392  1.09582
83.6 123.627  1.29214
83.8 123.908  1.54099
84 124.244  1.81366
84.2 124.634  2.05522
84.4 125.066  2.20136
84.6 125.514  2.21965
84.8 125.954  2.13424
85 126.368  2.00097
85.2 126.754  1.864
85.4 127.114  1.7378
85.6 127.449  1.61603
85.8 127.76  1.48805
86 128.044  1.3505
86.2 128.3  1.20992
86.4 128.528  1.07891
86.6 128.732  0.970646
86.8 128.917  0.89584
87 129.09  0.862368
87.2 129.262  0.87639
87.4 129.441  0.943525
87.6 129.639  1.06897
87.8 129.868  1.25534
88 130.141  1.49673
88.2 130.467  1.76857
88.4 130.849  2.01998
88.6 131.275  2.18569
88.8 131.723  2.22509
89 132.165  2.15336
89.2 132.584  2.02429
89.4 132.975  1.88614
89.6 133.339  1.75823
89.8 133.678  1.63653
90 133.993  1.5101
90.2 134.282  1.37393
90.4 134.543  1.23307
90.6 134.775  1.09951
90.8 134.983  0.986625
91 135.17  0.905627
91.2 135.345  0.864805
91.4 135.516  0.870512
91.6 135.693  0.928407
91.8 135.887  1.04382
92 136.111  1.22011
92.2 136.375  1.45339
92.4 136.692  1.72297
92.6 137.065  1.98229
92.8 137.485  2.16636
93 137.931  2.22736
93.2 138.376  2.17092
93.4 138.799  2.04742
93.6 139.195  1.90862
93.8 139.563  1.77884
94 139.906  1.65688
94.2 140.226  1.53185
94.4 140.519  1.39721
94.6 140.785  1.25642
94.8 141.022  1.12069
95 141.233  1.0035
95.2 141.423  0.916535
95.4 141.599  0.868537
95.6 141.77  0.866085
95.8 141.946  0.914892
96 142.136  1.02039
96.2 142.354  1.1865
96.4 142.611  1.41112
96.6 142.918  1.67713
96.8 143.282  1.94248
97 143.695  2.14347
97.2 144.139  2.22624
97.4 144.586  2.18661
97.6 145.014  2.07021
97.8 145.414  1.93141
98 145.786  1.79969
98.2 146.134  1.67713
98.4 146.457  1.55331
98.6 146.755  1.42031
98.8 147.025  1.27991
99 147.267  1.1424
99.2 147.482  1.02122
99.4 147.676  0.928532
99.6 147.854  0.873537
99.8 148.025  0.863083
100 148.199  0.902955
100.2 148.386  0.998652
100.4 148.598  1.15455
100.6 148.848  1.37006
100.8 149.147  1.63133
101 149.501  1.90086
101.2 149.907  2.11716
101.4 150.347  2.22159
101.6 150.796  2.20016
101.8 151.228  2.09243
102 151.632  1.95446
102.2 152.009  1.82083
102.4 152.361  1.69734
102.6 152.688  1.57449
102.8 152.991  1.44317
103 153.266  1.30347
103.2 153.512  1.16456
103.4 153.731  1.03974
103.6 153.928  0.941582
103.8 154.108  0.879778
104 154.28  0.861482
104.2 154.453  0.892573
104.4 154.637  0.978599
104.6 154.844  1.12429
104.8 155.087  1.33033
105 155.376  1.58583
105.2 155.721  1.85776
105.4 156.119  2.08763
105.6 156.556  2.2133
105.8 157.005  2.21127
106 157.44  2.11388
106.2 157.85  1.97771
106.4 158.232  1.84228
106.6 158.587  1.71757
106.8 158.919  1.59541
107 159.225  1.46579
107.2 159.505  1.32704
107.4 159.756  1.18711
107.6 159.98  1.05901
107.8 160.18  0.95565
108 160.362  0.887232
108.2 160.535  0.861254
108.4 160.706  0.883719
108.6 160.888  0.960213
108.8 161.091  1.09573
109 161.326  1.29202
109.2 161.607  1.54084
109.4 161.943  1.81351
109.6 162.333  2.05511
109.8 162.765  2.20132
110 163.213  2.21967
110.2 163.653  2.1343
110.4 164.067  2.00105
110.6 164.453  1.86407
110.8 164.813  1.73786
111 165.148  1.6161
111.2 165.459  1.48812
111.4 165.743  1.35057
111.6 165.999  1.21
111.8 166.227  1.07897
112 166.431  0.970695
112.2 166.616  0.895869
112.4 166.789  0.862373
112.6 166.961  0.876369
112.8 167.14  0.943474
113 167.338  1.06888
113.2 167.567  1.25523
113.4 167.84  1.49659
113.6 168.166  1.76843
113.8 168.547  2.01986
114 168.974  2.18563
114.2 169.422  2.22511
114.4 169.864  2.15342
114.6 170.283  2.02436
114.8 170.674  1.88621
115 171.038  1.75829
115.2 171.377  1.63659
115.4 171.692  1.51017
115.6 171.981  1.374
115.8 172.242  1.23315
116 172.474  1.09958
116.2 172.682  0.986678
116.4 172.869  0.90566
116.6 173.044  0.864814
116.8 173.215  0.870495
117 173.392  0.928361
117.2 173.586  1.04375
117.4 173.81  1.22
117.6 174.074  1.45325
117.8 174.391  1.72282
118 174.763  1.98217
118.2 175.184  2.16629
118.4 175.63  2.22736
118.6 176.075  2.17097
118.8 176.498  2.0475
119 176.894  1.90869
119.2 177.262  1.77891
119.4 177.605  1.65695
119.6 177.925  1.53192
119.8 178.218  1.39728
120 178.484  1.2565
120.2 178.721  1.12076
120.4 178.932  1.00355
120.6 179.122  0.916572
120.8 179.298  0.868551
121 179.469  0.866073
121.2 179.645  0.914851
121.4 179.835  1.02032
121.6 180.053  1.1864
121.8 180.31  1.41098
122 180.617  1.67698
122.2 180.981  1.94235
122.4 181.394  2.14339
122.6 181.838  2.22623
122.8 182.285  2.18666
123 182.713  2.07028
123.2 183.113  1.93148
123.4 183.485  1.79976
123.6 183.833  1.6772
123.8 184.156  1.55338
124 184.454  1.42038
124.2 184.724  1.27999
124.4 184.966  1.14247
124.6 185.181  1.02128
124.8 185.375  0.928572
125 185.553  0.873555
125.2 185.724  0.863076
125.4 185.898  0.90292
125.6 186.085  0.998586
125.8 186.297  1.15445
126 186.547  1.36993
126.2 186.845  1.63118
126.4 187.2  1.90073
126.6 187.606  2.11707
126.8 188.046  2.22157
127 188.494  2.2002
127.2 188.926  2.0925
127.4 189.331  1.95454
127.6 189.708  1.82089
127.8 190.06  1.69741
128 190.387  1.57455
128.2 190.69  1.44325
128.4 190.965  1.30355
128.6 191.211  1.16463
128.8 191.43  1.0398
129 191.627  0.941626
129.2 191.807  0.8798
129.4 191.979  0.861479
129.6 192.152  0.892542
129.8 192.336  0.978538
130 192.543  1.1242
130.2 192.786  1.3302
130.4 193.075  1.58568
130.6 193.42  1.85762
130.8 193.818  2.08753
131 194.255  2.21327
131.2 194.703  2.2113
131.4 195.139  2.11395
131.6 195.549  1.97778
131.8 195.93  1.84235
132 196.286  1.71763
132.2 196.617  1.59547
132.4 196.924  1.46586
132.6 197.204  1.32712
132.8 197.455  1.18718
133 197.679  1.05907
133.2 197.879  0.955696
133.4 198.061  0.887258
133.6 198.234  0.861255
133.8 198.405  0.883694
134 198.587  0.960157
134.2 198.79  1.09564
134.4 199.025  1.2919
134.6 199.306  1.5407
134.8 199.642  1.81337
135 200.032  2.055
135.2 200.464  2.20128
135.4 200.912  2.21969
135.6 201.351  2.13436
135.8 201.766  2.00112
136 202.152  1.86414
136.2 202.512  1.73793
136.4 202.847  1.61616
136.6 203.158  1.4882
136.8 203.442  1.35065
137 203.698  1.21007
137.2 203.926  1.07904
137.4 204.13  0.970745
137.6 204.315  0.895899
137.8 204.488  0.862379
138 204.66  0.876348
138.2 204.839  0.943423
138.4 205.037  1.0688
138.6 205.266  1.25511
138.8 205.539  1.49645
139 205.865  1.76828
139.2 206.246  2.01974
139.4 206.673  2.18558
139.6 207.121  2.22512
139.8 207.563  2.15348
140 207.982  2.02444
140.2 208.373  1.88628
140.4 208.736  1.75836
140.6 209.076  1.63666
140.8 209.391  1.51024
141 209.68  1.37408
141.2 209.941  1.23322
141.4 210.173  1.09964
141.6 210.381  0.98673
141.8 210.568  0.905693
142 210.743  0.864824
142.2 210.914  0.870479
142.4 211.091  0.928315
142.6 211.285  1.04367
142.8 211.509  1.21989
143 211.773  1.45311
143.2 212.09  1.72267
143.4 212.462  1.98205
143.6 212.883  2.16622
143.8 213.329  2.22736
144 213.774  2.17103
144.2 214.197  2.04757
144.4 214.593  1.90876
144.6 214.961  1.77897
144.8 215.304  1.65701
145 215.624  1.53199
145.2 215.917  1.39736
145.4 216.182  1.25657
145.6 216.42  1.12083
145.8 216.631  1.00361
146 216.821  0.916608
146.2 216.997  0.868565
146.4 217.168  0.866061
146.6 217.344  0.91481
146.8 217.534  1.02025
147 217.752  1.18629
147.2 218.009  1.41085
147.4 218.316  1.67684
147.6 218.68  1.94222
147.8 219.093  2.14331
148 219.537  2.22622
148.2 219.984  2.18671
148.4 220.412  2.07035
148.6 220.812  1.93155
148.8 221.184  1.79983
149 221.532  1.67726
149.2 221.855  1.55344
149.4 222.153  1.42045
149.6 222.423  1.28006
149.8 222.665  1.14254
150 222.88  1.02134
150.2 223.074  0.928612
150.4 223.252  0.873573
150.6 223.423  0.863069
150.8 223.597  0.902884
151 223.784  0.998519
151.2 223.996  1.15436
151.4 224.246  1.3698
151.6 224.544  1.63104
151.8 224.898  1.90059
152 225.305  2.11698
152.2 225.745  2.22155
152.4 226.193  2.20024
152.6 226.625  2.09257
152.8 227.03  1.95461
153 227.407  1.82096
153.2 227.759  1.69747
153.4 228.086  1.57462
153.6 228.389  1.44332
153.8 228.663  1.30362
154 228.91  1.1647
154.2 229.129  1.03986
154.4 229.326  0.941669
154.6 229.506  0.879822
154.8 229.678  0.861476
155 229.851  0.892512
155.2 230.035  0.978476
155.4 230.242  1.1241
155.6 230.484  1.33008
155.8 230.774  1.58554
156 231.119  1.85748
156.2 231.517  2.08744
156.4 231.954  2.21324
156.6 232.402  2.21133
156.8 232.838  2.11402
157 233.248  1.97786
157.2 233.629  1.84242
157.4 233.985  1.7177
157.6 234.316  1.59554
157.8 234.623  1.46593
158 234.903  1.32719
158.2 235.154  1.18726
158.4 235.378  1.05914
158.6 235.578  0.955743
158.8 235.76  0.887284
159 235.933  0.861257
159.2 236.105  0.883668
159.4 236.286  0.960101
159.6 236.489  1.09556
159.8 236.724  1.29178
160 237.005  1.54056
160.2 237.34  1.81323
160.4 237.731  2.0549
160.6 238.162  2.20123
160.8 238.611  2.21971
161 239.05  2.13443
161.2 239.465  2.0012
161.4 239.851  1.86421
161.6 240.21  1.73799
161.8 240.546  1.61623
162 240.857  1.48827
162.2 241.141  1.35072
162.4 241.397  1.21014
162.6 241.625  1.0791
162.8 241.829  0.970794
163 242.014  0.895928
163.2 242.187  0.862385
163.4 242.359  0.876327
163.6 242.538  0.943372
163.8 242.736  1.06872
164 242.965  1.255
164.2 243.238  1.49631
164.4 243.564  1.76814
164.6 243.945  2.01963
164.8 244.372  2.18552
165 244.819  2.22513
165.2 245.262  2.15354
165.4 245.681  2.02451
165.6 246.072  1.88635
165.8 246.435  1.75842
166 246.775  1.63673
166.2 247.09  1.51031
166.4 247.379  1.37415
166.6 247.64  1.2333
166.8 247.872  1.09971
167 248.08  0.986783
167.2 248.267  0.905726
167.4 248.442  0.864834
167.6 248.613  0.870462
167.8 248.79  0.92827
168 248.984  1.04359
168.2 249.208  1.21978
168.4 249.472  1.45298
168.6 249.789  1.72253
168.8 250.161  1.98192
169 250.582  2.16616
169.2 251.028  2.22736
169.4 251.472  2.17108
169.6 251.896  2.04764
169.8 252.292  1.90883
170 252.66  1.77904
170.2 253.003  1.65708
170.4 253.322  1.53206
170.6 253.616  1.39743
170.8 253.881  1.25665
171 254.119  1.1209
171.2 254.33  1.00366
171.4 254.52  0.916645
171.6 254.696  0.868579
171.8 254.868  0.866049
172 255.043  0.91477
172.2 255.233  1.02017
172.4 255.451  1.18619
172.6 255.708  1.41072
172.8 256.015  1.67669
173 256.379  1.94209
173.2 256.792  2.14323
173.4 257.236  2.22621
173.6 257.683  2.18675
173.8 258.111  2.07042
174 258.511  1.93163
174.2 258.883  1.79989
174.4 259.231  1.67733
174.6 259.554  1.55351
174.8 259.852  1.42053
175 260.122  1.28014
175.2 260.364  1.14261
175.4 260.579  1.02139
175.6 260.773  0.928652
175.8 260.951  0.873591
176 261.122  0.863061
176.2 261.296  0.902849
176.4 261.483  0.998452
176.6 261.695  1.15426
176.8 261.945  1.36967
177 262.243  1.63089
177.2 262.597  1.90046
177.4 263.004  2.11689
177.6 263.444  2.22153
177.8 263.892  2.20028
178 264.324  2.09264
178.2 264.729  1.95468
178.4 265.106  1.82103
178.6 265.458  1.69754
178.8 265.785  1.57469
179 266.087  1.44339
179.2 266.362  1.3037
179.4 266.609  1.16477
179.6 266.828  1.03992
179.8 267.025  0.941712
180 267.205  0.879844
180.2 267.377  0.861473
180.4 267.55  0.892481
180.6 267.734  0.978415
180.8 267.941  1.12401
181 268.183  1.32995
181.2 268.473  1.58539
181.4 268.818  1.85734
181.6 269.216  2.08734
181.8 269.653  2.21321
182 270.101  2.21136
182.2 270.537  2.11408
182.4 270.947  1.97793
182.6 271.328  1.84248
182.8 271.684  1.71776
183 272.015  1.5956
183.2 272.322  1.466
183.4 272.602  1.32727
183.6 272.853  1.18733
183.8 273.077  1.0592
184 273.277  0.955789
184.2 273.459  0.887309
184.4 273.632  0.861258
184.6 273.804  0.883642
184.8 273.985  0.960045
185 274.188  1.09547
185.2 274.423  1.29166
185.4 274.704  1.54042
185.6 275.039  1.81308
185.8 275.429  2.05479
186 275.861  2.20119
186.2 276.31  2.21973
186.4 276.749  2.13449
186.6 277.164  2.00127
186.8 277.55  1.86428
187 277.909  1.73806
187.2 278.245  1.61629
187.4 278.556  1.48834
187.6 278.84  1.3508
187.8 279.096  1.21022
188 279.324  1.07917
188.2 279.528  0.970844
188.4 279.713  0.895958
188.6 279.886  0.86239
188.8 280.058  0.876305
189 280.237  0.943321
189.2 280.435  1.06863
189.4 280.664  1.25488
189.6 280.937  1.49617
189.8 281.263  1.76799
190 281.644  2.01951
190.2 282.071  2.18547
190.4 282.518  2.22514
190.6 282.961  2.1536
190.8 283.38  2.02459
191 283.77  1.88642
191.2 284.134  1.75849
191.4 284.474  1.63679
191.6 284.789  1.51038
191.8 285.078  1.37422
192 285.339  1.23337
192.2 285.571  1.09978
192.4 285.779  0.986835
192.6 285.966  0.905759
192.8 286.141  0.864844
193 286.312  0.870446
193.2 286.489  0.928224
193.4 286.683  1.04351
193.6 286.907  1.21967
193.8 287.171  1.45284
194 287.488  1.72238
194.2 287.86  1.9818
194.4 288.28  2.16609
194.6 288.727  2.22736
194.8 289.171  2.17113
195 289.595  2.04772
195.2 289.99  1.90891
195.4 290.359  1.7791
195.6 290.702  1.65714
195.8 291.021  1.53213
196 291.315  1.39751
196.2 291.58  1.25672
196.4 291.818  1.12097
196.6 292.029  1.00372
196.8 292.219  0.916681
197 292.395  0.868593
197.2 292.567  0.866038
197.4 292.742  0.914729
197.6 292.932  1.0201
197.8 293.15  1.18608
198 293.407  1.41059
198.2 293.714  1.67654
198.4 294.077  1.94196
198.6 294.491  2.14315
198.8 294.935  2.2262
199 295.381  2.1868
199.2 295.809  2.07049
199.4 296.21  1.9317
199.6 296.582  1.79996
199.8 296.93  1.67739
200 297.253  1.55358
