0  0
0.2  0.0125157
0.4  0.0185271
0.6  0.0186329
0.8  0.016622
1  0.0152781
1.2  0.0155547
1.4  0.016868
1.6  0.0181706
1.8  0.0189164
2  0.0191761
2.2  0.0192795
2.4  0.0195478
2.6  0.0202255
2.8  0.0214613
3  0.0231344
3.2  0.0242772
3.4  0.0221408
3.6  0.0128668
3.8  -0.00202421
4  -0.0098412
4.2  -0.00221091
4.4  0.0107748
4.6  0.0180293
4.8  0.0188617
5  0.0169644
5.2  0.0153925
5.4  0.0154081
5.6  0.0166245
5.8  0.0179864
6  0.018833
6.2  0.0191533
6.4  0.0192585
6.6  0.0194803
6.8  0.0200761
7  0.0212156
7.2  0.0228491
7.4  0.024213
7.6  0.0229014
7.8  0.0149853
8  0.000405617
8.2  -0.00962807
8.4  -0.00427666
8.6  0.00884474
8.8  0.0173447
9  0.0190172
9.2  0.0173201
9.4  0.015555
9.6  0.0152964
9.8  0.0163838
10  0.0177862
10.2  0.0187343
10.4  0.0191246
10.6  0.019241
10.8  0.0194233
11  0.0199422
11.2  0.020985
11.4  0.0225601
11.6  0.0240795
11.8  0.023472
12  0.0168859
12.2  0.00295667
12.4  -0.00892842
12.6  -0.00611784
12.8  0.00675495
13  0.0164588
13.2  0.0190809
13.4  0.017678
13.6  0.0157636
13.8  0.0152242
14  0.016151
14.2  0.0175716
14.4  0.0186192
14.6  0.0190881
14.8  0.0192255
15  0.0193759
15.2  0.0198231
15.4  0.0207704
15.6  0.0222728
15.8  0.0238922
16  0.0238733
16.2  0.0185529
16.4  0.00554813
16.6  -0.00776569
16.8  -0.00765761
17  0.00454638
17.2  0.0153604
17.4  0.0190333
17.6  0.0180257
17.8  0.0160147
18  0.0151953
18.2  0.0159314
18.4  0.0173449
18.6  0.018487
18.8  0.0190424
19  0.0192106
19.2  0.0193369
19.4  0.0197182
19.6  0.0205722
19.8  0.0219917
20  0.0236646
20.2  0.0241272
20.4  0.0199813
20.6  0.00810579
20.8  -0.00618357
21  -0.00882662
21.2  0.00227137
21.4  0.014044
21.6  0.0188548
21.8  0.0183494
22  0.0163034
22.2  0.0152128
22.4  0.0157306
22.6  0.017109
22.8  0.0183373
23  0.0189856
23.2  0.0191946
23.4  0.0193051
23.6  0.0196267
23.8  0.0203904
24  0.0217201
24.2  0.0234084
24.4  0.024255
24.6  0.0211747
24.8  0.0105653
25  -0.00424279
25.2  -0.00956791
25.4  -7.2108e-06
25.6  0.0125105
25.8  0.0185258
26  0.0186337
26.2  0.016623
26.4  0.0152784
26.6  0.0155542
26.8  0.0168672
27  0.01817
27.2  0.0189162
27.4  0.0191761
27.6  0.0192794
27.8  0.0195476
28  0.020225
28.2  0.0214605
28.4  0.0231335
28.6  0.0242771
28.8  0.0221436
29  0.0128739
29.2  -0.00201673
29.4  -0.0098413
29.6  -0.00221778
29.8  0.010769
30  0.0180274
30.2  0.0188623
30.4  0.0169655
30.6  0.0153929
30.8  0.0154077
31  0.0166237
31.2  0.0179858
31.4  0.0188328
31.6  0.0191532
31.8  0.0192585
32  0.0194801
32.2  0.0200756
32.4  0.0212148
32.6  0.0228482
32.8  0.0242126
33  0.0229035
33.2  0.0149918
33.4  0.000413618
33.6  -0.0096266
33.8  -0.00428294
34  0.0088383
34.2  0.0173422
34.4  0.0190176
34.6  0.0173212
34.8  0.0155555
35  0.0152961
35.2  0.016383
35.4  0.0177855
35.6  0.018734
35.8  0.0191245
36  0.019241
36.2  0.0194232
36.4  0.0199418
36.6  0.0209843
36.8  0.0225591
37  0.024079
37.2  0.0234735
37.4  0.0168916
37.6  0.00296493
37.8  -0.00892542
38  -0.00612328
38.2  0.00674806
38.4  0.0164556
38.6  0.0190809
38.8  0.0176791
39  0.0157643
39.2  0.015224
39.4  0.0161502
39.6  0.0175709
39.8  0.0186188
40  0.019088
40.2  0.0192255
40.4  0.0193757
40.6  0.0198227
40.8  0.0207697
41  0.0222719
41.2  0.0238915
41.4  0.0238744
41.6  0.0185578
41.8  0.00555639
42  -0.00776127
42.2  -0.00766197
42.4  0.00453918
42.6  0.0153566
42.8  0.019033
43  0.0180268
43.2  0.0160156
43.4  0.0151953
43.6  0.0159307
43.8  0.0173442
44  0.0184866
44.2  0.0190422
44.4  0.0192105
44.6  0.0193367
44.8  0.0197179
45  0.0205716
45.2  0.0219908
45.4  0.0236638
45.6  0.0241278
45.8  0.0199855
46  0.00811384
46.2  -0.00617791
46.4  -0.00882969
46.6  0.00226406
46.8  0.0140395
47  0.018854
47.2  0.0183504
47.4  0.0163044
47.6  0.0152129
47.8  0.01573
48  0.0171082
48.2  0.0183368
48.4  0.0189854
48.6  0.0191946
48.8  0.019305
49  0.0196264
49.2  0.0203899
49.4  0.0217192
49.6  0.0234076
49.8  0.0242552
50  0.0211781
50.2  0.0105729
50.4  -0.00423609
50.6  -0.00956954
50.8  -1.44209e-05
51  0.0125052
51.2  0.0185245
51.4  0.0186346
51.6  0.0166241
51.8  0.0152787
52  0.0155537
52.2  0.0168664
52.4  0.0181695
52.6  0.0189159
52.8  0.019176
53  0.0192793
53.2  0.0195474
53.4  0.0202245
53.6  0.0214597
53.8  0.0231326
54  0.024277
54.2  0.0221463
54.4  0.012881
54.6  -0.00200925
54.8  -0.0098414
55  -0.00222465
55.2  0.0107631
55.4  0.0180255
55.6  0.018863
55.8  0.0169666
56  0.0153933
56.2  0.0154073
56.4  0.0166229
56.6  0.0179851
56.8  0.0188325
57  0.0191532
57.2  0.0192584
57.4  0.0194799
57.6  0.0200752
57.8  0.021214
58  0.0228473
58.2  0.0242123
58.4  0.0229056
58.6  0.0149982
58.8  0.00042162
59  -0.00962513
59.2  -0.00428922
59.4  0.00883186
59.6  0.0173397
59.8  0.019018
60  0.0173223
60.2  0.0155561
60.4  0.0152958
60.6  0.0163823
60.8  0.0177849
61  0.0187336
61.2  0.0191244
61.4  0.0192409
61.6  0.019423
61.8  0.0199413
62  0.0209836
62.2  0.0225582
62.4  0.0240784
62.6  0.023475
62.8  0.0168973
63  0.00297319
63.2  -0.00892242
63.4  -0.00612872
63.6  0.00674116
63.8  0.0164524
64  0.0190809
64.2  0.0176803
64.4  0.015765
64.6  0.0152238
64.8  0.0161495
65  0.0175702
65.2  0.0186185
65.4  0.0190879
65.6  0.0192254
65.8  0.0193756
66  0.0198224
66.2  0.0207691
66.4  0.022271
66.6  0.0238908
66.8  0.0238754
67  0.0185628
67.2  0.00556465
67.4  -0.00775686
67.6  -0.00766633
67.8  0.00453199
68  0.0153527
68.2  0.0190326
68.4  0.0180279
68.6  0.0160165
68.8  0.0151953
69  0.01593
69.2  0.0173435
69.4  0.0184861
69.6  0.019042
69.8  0.0192105
70  0.0193366
70.2  0.0197176
70.4  0.020571
70.6  0.0219899
70.8  0.0236631
71  0.0241284
71.2  0.0199897
71.4  0.00812188
71.6  -0.00617224
71.8  -0.00883276
72  0.00225675
72.2  0.0140349
72.4  0.0188532
72.6  0.0183513
72.8  0.0163054
73  0.015213
73.2  0.0157294
73.4  0.0171075
73.6  0.0183363
73.8  0.0189852
74  0.0191945
74.2  0.0193049
74.4  0.0196261
74.6  0.0203893
74.8  0.0217184
75  0.0234067
75.2  0.0242554
75.4  0.0211816
75.6  0.0105805
75.8  -0.00422939
76  -0.00957117
76.2  -2.16303e-05
76.4  0.0125
76.6  0.0185232
76.8  0.0186354
77  0.0166251
77.2  0.015279
77.4  0.0155532
77.6  0.0168657
77.8  0.0181689
78  0.0189157
78.2  0.0191759
78.4  0.0192792
78.6  0.0195471
78.8  0.020224
79  0.0214589
79.2  0.0231317
79.4  0.0242769
79.6  0.0221491
79.8  0.0128881
80  -0.00200177
80.2  -0.00984149
80.4  -0.00223152
80.6  0.0107572
80.8  0.0180236
81  0.0188636
81.2  0.0169677
81.4  0.0153938
81.6  0.0154068
81.8  0.0166221
82  0.0179845
82.2  0.0188322
82.4  0.0191531
82.6  0.0192583
82.8  0.0194797
83  0.0200747
83.2  0.0212133
83.4  0.0228463
83.6  0.024212
83.8  0.0229078
84  0.0150046
84.2  0.000429623
84.4  -0.00962365
84.6  -0.00429549
84.8  0.00882542
85  0.0173372
85.2  0.0190183
85.4  0.0173235
85.6  0.0155567
85.8  0.0152955
86  0.0163815
86.2  0.0177842
86.4  0.0187333
86.6  0.0191243
86.8  0.0192409
87  0.0194228
87.2  0.0199409
87.4  0.0209829
87.6  0.0225573
87.8  0.0240779
88  0.0234766
88.2  0.016903
88.4  0.00298144
88.6  -0.00891942
88.8  -0.00613415
89  0.00673427
89.2  0.0164493
89.4  0.019081
89.6  0.0176814
89.8  0.0157658
90  0.0152237
90.2  0.0161488
90.4  0.0175695
90.6  0.0186181
90.8  0.0190878
91  0.0192254
91.2  0.0193755
91.4  0.019822
91.6  0.0207684
91.8  0.0222701
92  0.0238902
92.2  0.0238764
92.4  0.0185677
92.6  0.00557291
92.8  -0.00775243
93  -0.00767068
93.2  0.0045248
93.4  0.0153489
93.6  0.0190323
93.8  0.018029
94  0.0160173
94.2  0.0151953
94.4  0.0159294
94.6  0.0173427
94.8  0.0184857
95  0.0190419
95.2  0.0192104
95.4  0.0193365
95.6  0.0197173
95.8  0.0205704
96  0.021989
96.2  0.0236623
96.4  0.024129
96.6  0.0199938
96.8  0.00812992
97  -0.00616656
97.2  -0.00883583
97.4  0.00224944
97.6  0.0140303
97.8  0.0188524
98  0.0183523
98.2  0.0163063
98.4  0.0152132
98.6  0.0157288
98.8  0.0171067
99  0.0183358
99.2  0.018985
99.4  0.0191945
99.6  0.0193048
99.8  0.0196258
100  0.0203888
100.2  0.0217175
100.4  0.0234059
100.6  0.0242556
100.8  0.021185
101  0.0105882
101.2  -0.00422268
101.4  -0.0095728
101.6  -2.88391e-05
101.8  0.0124947
102  0.0185219
102.2  0.0186362
102.4  0.0166262
102.6  0.0152793
102.8  0.0155527
103  0.0168649
103.2  0.0181683
103.4  0.0189155
103.6  0.0191759
103.8  0.0192792
104  0.0195469
104.2  0.0202235
104.4  0.0214581
104.6  0.0231308
104.8  0.0242768
105  0.0221518
105.2  0.0128951
105.4  -0.00199428
105.6  -0.00984157
105.8  -0.00223839
106  0.0107513
106.2  0.0180217
106.4  0.0188642
106.6  0.0169688
106.8  0.0153942
107  0.0154064
107.2  0.0166214
107.4  0.0179839
107.6  0.0188319
107.8  0.019153
108  0.0192583
108.2  0.0194795
108.4  0.0200743
108.6  0.0212125
108.8  0.0228454
109  0.0242117
109.2  0.0229099
109.4  0.015011
109.6  0.000437628
109.8  -0.00962217
110  -0.00430177
110.2  0.00881897
110.4  0.0173347
110.6  0.0190187
110.8  0.0173246
111  0.0155573
111.2  0.0152952
111.4  0.0163807
111.6  0.0177835
111.8  0.018733
112  0.0191242
112.2  0.0192408
112.4  0.0194227
112.6  0.0199405
112.8  0.0209822
113  0.0225564
113.2  0.0240774
113.4  0.0234781
113.6  0.0169087
113.8  0.0029897
114  -0.00891641
114.2  -0.00613958
114.4  0.00672737
114.6  0.0164461
114.8  0.019081
115  0.0176825
115.2  0.0157665
115.4  0.0152235
115.6  0.0161481
115.8  0.0175688
116  0.0186177
116.2  0.0190876
116.4  0.0192253
116.6  0.0193753
116.8  0.0198217
117  0.0207678
117.2  0.0222692
117.4  0.0238895
117.6  0.0238775
117.8  0.0185727
118  0.00558117
118.2  -0.007748
118.4  -0.00767503
118.6  0.0045176
118.8  0.015345
119  0.0190319
119.2  0.0180301
119.4  0.0160182
119.6  0.0151953
119.8  0.0159287
120  0.017342
120.2  0.0184852
120.4  0.0190417
120.6  0.0192104
120.8  0.0193364
121  0.0197169
121.2  0.0205698
121.4  0.0219881
121.6  0.0236615
121.8  0.0241296
122  0.019998
122.2  0.00813796
122.4  -0.00616089
122.6  -0.00883889
122.8  0.00224213
123  0.0140258
123.2  0.0188516
123.4  0.0183533
123.6  0.0163073
123.8  0.0152133
124  0.0157282
124.2  0.0171059
124.4  0.0183352
124.6  0.0189848
124.8  0.0191944
125  0.0193047
125.2  0.0196256
125.4  0.0203882
125.6  0.0217167
125.8  0.023405
126  0.0242559
126.2  0.0211885
126.4  0.0105958
126.6  -0.00421598
126.8  -0.00957442
127  -3.60471e-05
127.2  0.0124895
127.4  0.0185206
127.6  0.0186371
127.8  0.0166273
128  0.0152796
128.2  0.0155521
128.4  0.0168641
128.6  0.0181678
128.8  0.0189152
129  0.0191758
129.2  0.0192791
129.4  0.0195467
129.6  0.020223
129.8  0.0214573
130  0.0231299
130.2  0.0242768
130.4  0.0221546
130.6  0.0129022
130.8  -0.00198679
131  -0.00984166
131.2  -0.00224525
131.4  0.0107454
131.6  0.0180198
131.8  0.0188648
132  0.01697
132.2  0.0153947
132.4  0.015406
132.6  0.0166206
132.8  0.0179833
133  0.0188316
133.2  0.0191529
133.4  0.0192582
133.6  0.0194793
133.8  0.0200738
134  0.0212118
134.2  0.0228445
134.4  0.0242113
134.6  0.022912
134.8  0.0150175
135  0.000445633
135.2  -0.00962068
135.4  -0.00430804
135.6  0.00881252
135.8  0.0173322
136  0.019019
136.2  0.0173258
136.4  0.0155579
136.6  0.0152949
136.8  0.01638
137  0.0177829
137.2  0.0187326
137.4  0.019124
137.6  0.0192408
137.8  0.0194225
138  0.0199401
138.2  0.0209814
138.4  0.0225554
138.6  0.0240769
138.8  0.0234796
139  0.0169144
139.2  0.00299796
139.4  -0.00891339
139.6  -0.00614501
139.8  0.00672048
140  0.0164429
140.2  0.019081
140.4  0.0176837
140.6  0.0157673
140.8  0.0152234
141  0.0161473
141.2  0.0175681
141.4  0.0186173
141.6  0.0190875
141.8  0.0192253
142  0.0193752
142.2  0.0198213
142.4  0.0207671
142.6  0.0222683
142.8  0.0238888
143  0.0238785
143.2  0.0185776
143.4  0.00558943
143.6  -0.00774357
143.8  -0.00767937
144  0.00451041
144.2  0.0153411
144.4  0.0190315
144.6  0.0180311
144.8  0.0160191
145  0.0151952
145.2  0.015928
145.4  0.0173412
145.6  0.0184848
145.8  0.0190416
146  0.0192103
146.2  0.0193363
146.4  0.0197166
146.6  0.0205691
146.8  0.0219873
147  0.0236607
147.2  0.0241302
147.4  0.0200022
147.6  0.008146
147.8  -0.00615521
148  -0.00884195
148.2  0.00223482
148.4  0.0140212
148.6  0.0188508
148.8  0.0183543
149  0.0163083
149.2  0.0152134
149.4  0.0157276
149.6  0.0171052
149.8  0.0183347
150  0.0189846
150.2  0.0191944
150.4  0.0193046
150.6  0.0196253
150.8  0.0203877
151  0.0217158
151.2  0.0234042
151.4  0.0242561
151.6  0.0211919
151.8  0.0106034
152  -0.00420927
152.2  -0.00957604
152.4  -4.32544e-05
152.6  0.0124842
152.8  0.0185192
153  0.0186379
153.2  0.0166283
153.4  0.0152799
153.6  0.0155516
153.8  0.0168633
154  0.0181672
154.2  0.018915
154.4  0.0191757
154.6  0.019279
154.8  0.0195464
155  0.0202225
155.2  0.0214564
155.4  0.023129
155.6  0.0242767
155.8  0.0221573
156  0.0129093
156.2  -0.0019793
156.4  -0.00984173
156.6  -0.00225212
156.8  0.0107395
157  0.018018
157.2  0.0188655
157.4  0.0169711
157.6  0.0153951
157.8  0.0154056
158  0.0166198
158.2  0.0179827
158.4  0.0188313
158.6  0.0191528
158.8  0.0192582
159  0.0194791
159.2  0.0200734
159.4  0.021211
159.6  0.0228436
159.8  0.024211
160  0.0229141
160.2  0.0150239
160.4  0.00045364
160.6  -0.00961919
160.8  -0.00431431
161  0.00880608
161.2  0.0173297
161.4  0.0190194
161.6  0.0173269
161.8  0.0155585
162  0.0152946
162.2  0.0163792
162.4  0.0177822
162.6  0.0187323
162.8  0.0191239
163  0.0192407
163.2  0.0194223
163.4  0.0199397
163.6  0.0209807
163.8  0.0225545
164  0.0240763
164.2  0.0234812
164.4  0.0169201
164.6  0.00300622
164.8  -0.00891037
165  -0.00615043
165.2  0.00671358
165.4  0.0164397
165.6  0.0190811
165.8  0.0176848
166  0.015768
166.2  0.0152232
166.4  0.0161466
166.6  0.0175674
166.8  0.0186169
167  0.0190874
167.2  0.0192252
167.4  0.0193751
167.6  0.019821
167.8  0.0207664
168  0.0222673
168.2  0.0238882
168.4  0.0238795
168.6  0.0185825
168.8  0.00559769
169  -0.00773914
169.2  -0.00768371
169.4  0.00450321
169.6  0.0153373
169.8  0.0190312
170  0.0180322
170.2  0.0160199
170.4  0.0151952
170.6  0.0159273
170.8  0.0173405
171  0.0184843
171.2  0.0190414
171.4  0.0192103
171.6  0.0193362
171.8  0.0197163
172  0.0205685
172.2  0.0219864
172.4  0.0236599
172.6  0.0241308
172.8  0.0200064
173  0.00815404
173.2  -0.00614952
173.4  -0.008845
173.6  0.00222751
173.8  0.0140166
174  0.01885
174.2  0.0183553
174.4  0.0163093
174.6  0.0152136
174.8  0.015727
175  0.0171044
175.2  0.0183342
175.4  0.0189844
175.6  0.0191943
175.8  0.0193046
176  0.019625
176.2  0.0203871
176.4  0.021715
176.6  0.0234033
176.8  0.0242563
177  0.0211953
177.2  0.0106111
177.4  -0.00420255
177.6  -0.00957765
177.8  -5.04611e-05
178  0.012479
178.2  0.0185179
178.4  0.0186387
178.6  0.0166294
178.8  0.0152802
179  0.0155511
179.2  0.0168625
179.4  0.0181666
179.6  0.0189147
179.8  0.0191757
180  0.019279
180.2  0.0195462
180.4  0.020222
180.6  0.0214556
180.8  0.0231281
181  0.0242766
181.2  0.0221601
181.4  0.0129164
181.6  -0.0019718
181.8  -0.0098418
182  -0.00225898
182.2  0.0107337
182.4  0.0180161
182.6  0.0188661
182.8  0.0169722
183  0.0153956
183.2  0.0154052
183.4  0.016619
183.6  0.0179821
183.8  0.018831
184  0.0191528
184.2  0.0192581
184.4  0.0194789
184.6  0.0200729
184.8  0.0212102
185  0.0228427
185.2  0.0242107
185.4  0.0229162
185.6  0.0150303
185.8  0.000461648
186  -0.00961769
186.2  -0.00432058
186.4  0.00879963
186.6  0.0173272
186.8  0.0190197
187  0.0173281
187.2  0.0155591
187.4  0.0152943
187.6  0.0163785
187.8  0.0177815
188  0.0187319
188.2  0.0191238
188.4  0.0192407
188.6  0.0194222
188.8  0.0199393
189  0.02098
189.2  0.0225536
189.4  0.0240758
189.6  0.0234827
189.8  0.0169257
190  0.00301447
190.2  -0.00890735
190.4  -0.00615585
190.6  0.00670668
190.8  0.0164365
191  0.0190811
191.2  0.0176859
191.4  0.0157687
191.6  0.015223
191.8  0.0161459
192  0.0175667
192.2  0.0186165
192.4  0.0190872
192.6  0.0192252
192.8  0.0193749
193  0.0198206
193.2  0.0207658
193.4  0.0222664
193.6  0.0238875
193.8  0.0238806
194  0.0185874
194.2  0.00560595
194.4  -0.0077347
194.6  -0.00768805
194.8  0.00449601
195  0.0153334
195.2  0.0190308
195.4  0.0180333
195.6  0.0160208
195.8  0.0151952
196  0.0159267
196.2  0.0173398
196.4  0.0184839
196.6  0.0190412
196.8  0.0192102
197  0.0193361
197.2  0.019716
197.4  0.0205679
197.6  0.0219855
197.8  0.0236592
198  0.0241314
198.2  0.0200105
198.4  0.00816208
198.6  -0.00614384
198.8  -0.00884805
199  0.0022202
199.2  0.0140121
199.4  0.0188492
199.6  0.0183562
199.8  0.0163102
200  0.0152137
