0 5 -1
0.01 4.99  -1
0.02 4.98  -1
0.03 4.97  -1
0.04 4.96  -1
0.05 4.95  -1
0.06 4.94  -1
0.07 4.93  -1
0.08 4.92  -1
0.09 4.91  -1
0.1 4.9  -1
0.11 4.89  -1
0.12 4.88  -1
0.13 4.87  -1
0.14 4.86  -1
0.15 4.85  -1
0.16 4.84  -1.00001
0.17 4.83  -1.00001
0.18 4.82  -1.00001
0.19 4.81  -1.00001
0.2 4.8  -1.00001
0.21 4.79  -1.00001
0.22 4.78  -1.00001
0.23 4.77  -1.00001
0.24 4.76  -1.00001
0.25 4.75  -1.00001
0.26 4.74  -1.00001
0.27 4.73  -1.00002
0.28 4.72  -1.00002
0.29 4.71  -1.00002
0.3 4.7  -1.00002
0.31 4.69  -1.00002
0.32 4.68  -1.00002
0.33 4.67  -1.00002
0.34 4.66  -1.00002
0.35 4.65  -1.00003
0.36 4.64  -1.00003
0.37 4.63  -1.00003
0.38 4.62  -1.00003
0.39 4.61  -1.00003
0.4 4.6  -1.00003
0.41 4.59  -1.00004
0.42 4.57999  -1.00004
0.43 4.56999  -1.00004
0.44 4.55999  -1.00004
0.45 4.54999  -1.00004
0.46 4.53999  -1.00005
0.47 4.52999  -1.00005
0.48 4.51999  -1.00005
0.49 4.50999  -1.00005
0.5 4.49999  -1.00006
0.51 4.48999  -1.00006
0.52 4.47999  -1.00006
0.53 4.46999  -1.00006
0.54 4.45999  -1.00007
0.55 4.44999  -1.00007
0.56 4.43999  -1.00007
0.57 4.42999  -1.00007
0.58 4.41999  -1.00008
0.59 4.40999  -1.00008
0.6 4.39998  -1.00008
0.61 4.38998  -1.00009
0.62 4.37998  -1.00009
0.63 4.36998  -1.00009
0.64 4.35998  -1.0001
0.65 4.34998  -1.0001
0.66 4.33998  -1.0001
0.67 4.32998  -1.00011
0.68 4.31998  -1.00011
0.69 4.30998  -1.00011
0.7 4.29997  -1.00012
0.71 4.28997  -1.00012
0.72 4.27997  -1.00012
0.73 4.26997  -1.00013
0.74 4.25997  -1.00013
0.75 4.24997  -1.00014
0.76 4.23997  -1.00014
0.77 4.22997  -1.00015
0.78 4.21996  -1.00015
0.79 4.20996  -1.00015
0.8 4.19996  -1.00016
0.81 4.18996  -1.00016
0.82 4.17996  -1.00017
0.83 4.16996  -1.00017
0.84 4.15995  -1.00018
0.85 4.14995  -1.00018
0.86 4.13995  -1.00019
0.87 4.12995  -1.00019
0.88 4.11995  -1.0002
0.89 4.10995  -1.0002
0.9 4.09994  -1.00021
0.91 4.08994  -1.00022
0.92 4.07994  -1.00022
0.93 4.06994  -1.00023
0.94 4.05993  -1.00023
0.95 4.04993  -1.00024
0.96 4.03993  -1.00025
0.97 4.02993  -1.00025
0.98 4.01992  -1.00026
0.99 4.00992  -1.00026
1 3.99992  -1.00027
1.01 3.98992  -1.00028
1.02 3.97991  -1.00029
1.03 3.96991  -1.00029
1.04 3.95991  -1.0003
1.05 3.94991  -1.00031
1.06 3.9399  -1.00032
1.07 3.9299  -1.00032
1.08 3.9199  -1.00033
1.09 3.90989  -1.00034
1.1 3.89989  -1.00035
1.11 3.88989  -1.00036
1.12 3.87988  -1.00036
1.13 3.86988  -1.00037
1.14 3.85987  -1.00038
1.15 3.84987  -1.00039
1.16 3.83987  -1.0004
1.17 3.82986  -1.00041
1.18 3.81986  -1.00042
1.19 3.80985  -1.00043
1.2 3.79985  -1.00044
1.21 3.78985  -1.00045
1.22 3.77984  -1.00046
1.23 3.76984  -1.00047
1.24 3.75983  -1.00048
1.25 3.74983  -1.00049
1.26 3.73982  -1.0005
1.27 3.72982  -1.00051
1.28 3.71981  -1.00053
1.29 3.70981  -1.00054
1.3 3.6998  -1.00055
1.31 3.6898  -1.00056
1.32 3.67979  -1.00057
1.33 3.66978  -1.00059
1.34 3.65978  -1.0006
1.35 3.64977  -1.00061
1.36 3.63977  -1.00063
1.37 3.62976  -1.00064
1.38 3.61975  -1.00066
1.39 3.60975  -1.00067
1.4 3.59974  -1.00068
1.41 3.58973  -1.0007
1.42 3.57973  -1.00071
1.43 3.56972  -1.00073
1.44 3.55971  -1.00075
1.45 3.54971  -1.00076
1.46 3.5397  -1.00078
1.47 3.52969  -1.0008
1.48 3.51968  -1.00081
1.49 3.50967  -1.00083
1.5 3.49967  -1.00085
1.51 3.48966  -1.00087
1.52 3.47965  -1.00089
1.53 3.46964  -1.00091
1.54 3.45963  -1.00093
1.55 3.44962  -1.00095
1.56 3.43961  -1.00097
1.57 3.4296  -1.00099
1.58 3.41959  -1.00101
1.59 3.40958  -1.00103
1.6 3.39957  -1.00105
1.61 3.38956  -1.00107
1.62 3.37955  -1.0011
1.63 3.36954  -1.00112
1.64 3.35953  -1.00115
1.65 3.34952  -1.00117
1.66 3.33951  -1.00119
1.67 3.32949  -1.00122
1.68 3.31948  -1.00125
1.69 3.30947  -1.00127
1.7 3.29946  -1.0013
1.71 3.28944  -1.00133
1.72 3.27943  -1.00136
1.73 3.26942  -1.00139
1.74 3.2594  -1.00142
1.75 3.24939  -1.00145
1.76 3.23937  -1.00148
1.77 3.22936  -1.00151
1.78 3.21934  -1.00154
1.79 3.20933  -1.00158
1.8 3.19931  -1.00161
1.81 3.1893  -1.00164
1.82 3.17928  -1.00168
1.83 3.16926  -1.00172
1.84 3.15925  -1.00175
1.85 3.14923  -1.00179
1.86 3.13921  -1.00183
1.87 3.12919  -1.00187
1.88 3.11917  -1.00191
1.89 3.10915  -1.00195
1.9 3.09913  -1.00199
1.91 3.08911  -1.00204
1.92 3.07909  -1.00208
1.93 3.06907  -1.00213
1.94 3.05905  -1.00217
1.95 3.04903  -1.00222
1.96 3.03901  -1.00227
1.97 3.02899  -1.00232
1.98 3.01896  -1.00237
1.99 3.00894  -1.00242
2 2.99891  -1.00248
2.01 2.98889  -1.00253
2.02 2.97886  -1.00259
2.03 2.96884  -1.00265
2.04 2.95881  -1.00271
2.05 2.94878  -1.00277
2.06 2.93876  -1.00283
2.07 2.92873  -1.00289
2.08 2.9187  -1.00296
2.09 2.90867  -1.00302
2.1 2.89864  -1.00309
2.11 2.88861  -1.00316
2.12 2.87858  -1.00323
2.13 2.86855  -1.0033
2.14 2.85851  -1.00338
2.15 2.84848  -1.00345
2.16 2.83844  -1.00353
2.17 2.82841  -1.00361
2.18 2.81837  -1.0037
2.19 2.80834  -1.00378
2.2 2.7983  -1.00387
2.21 2.78826  -1.00396
2.22 2.77822  -1.00405
2.23 2.76818  -1.00414
2.24 2.75814  -1.00424
2.25 2.7481  -1.00434
2.26 2.73805  -1.00444
2.27 2.72801  -1.00454
2.28 2.71796  -1.00465
2.29 2.70792  -1.00476
2.3 2.69787  -1.00487
2.31 2.68782  -1.00498
2.32 2.67777  -1.0051
2.33 2.66772  -1.00522
2.34 2.65767  -1.00535
2.35 2.64761  -1.00547
2.36 2.63756  -1.00561
2.37 2.6275  -1.00574
2.38 2.61744  -1.00588
2.39 2.60739  -1.00602
2.4 2.59733  -1.00617
2.41 2.58726  -1.00632
2.42 2.5772  -1.00647
2.43 2.56714  -1.00663
2.44 2.55707  -1.00679
2.45 2.547  -1.00696
2.46 2.53693  -1.00713
2.47 2.52686  -1.00731
2.48 2.51679  -1.00749
2.49 2.50671  -1.00768
2.5 2.49664  -1.00787
2.51 2.48656  -1.00806
2.52 2.47648  -1.00827
2.53 2.46639  -1.00848
2.54 2.45631  -1.00869
2.55 2.44622  -1.00891
2.56 2.43613  -1.00914
2.57 2.42604  -1.00938
2.58 2.41595  -1.00962
2.59 2.40585  -1.00987
2.6 2.39575  -1.01012
2.61 2.38565  -1.01038
2.62 2.37555  -1.01066
2.63 2.36544  -1.01094
2.64 2.35533  -1.01122
2.65 2.34522  -1.01152
2.66 2.33511  -1.01183
2.67 2.32499  -1.01214
2.68 2.31487  -1.01247
2.69 2.30474  -1.0128
2.7 2.29461  -1.01314
2.71 2.28448  -1.0135
2.72 2.27435  -1.01387
2.73 2.26421  -1.01425
2.74 2.25407  -1.01464
2.75 2.24392  -1.01504
2.76 2.23377  -1.01545
2.77 2.22361  -1.01588
2.78 2.21346  -1.01633
2.79 2.20329  -1.01678
2.8 2.19312  -1.01725
2.81 2.18295  -1.01774
2.82 2.17277  -1.01825
2.83 2.16259  -1.01877
2.84 2.1524  -1.0193
2.85 2.14221  -1.01986
2.86 2.13201  -1.02043
2.87 2.12181  -1.02102
2.88 2.1116  -1.02164
2.89 2.10138  -1.02227
2.9 2.09116  -1.02293
2.91 2.08093  -1.0236
2.92 2.07069  -1.02431
2.93 2.06045  -1.02503
2.94 2.0502  -1.02578
2.95 2.03994  -1.02656
2.96 2.02968  -1.02736
2.97 2.0194  -1.0282
2.98 2.00912  -1.02906
2.99 1.99883  -1.02996
3 1.98853  -1.03088
3.01 1.97822  -1.03184
3.02 1.9679  -1.03284
3.03 1.95758  -1.03387
3.04 1.94724  -1.03494
3.05 1.93689  -1.03605
3.06 1.92653  -1.0372
3.07 1.91615  -1.03839
3.08 1.90577  -1.03963
3.09 1.89537  -1.04092
3.1 1.88497  -1.04226
3.11 1.87454  -1.04364
3.12 1.86411  -1.04509
3.13 1.85366  -1.04658
3.14 1.84319  -1.04814
3.15 1.83271  -1.04976
3.16 1.82221  -1.05144
3.17 1.8117  -1.05319
3.18 1.80116  -1.05501
3.19 1.79061  -1.0569
3.2 1.78005  -1.05888
3.21 1.76946  -1.06093
3.22 1.75885  -1.06307
3.23 1.74822  -1.06529
3.24 1.73756  -1.06761
3.25 1.72689  -1.07003
3.26 1.71619  -1.07255
3.27 1.70546  -1.07518
3.28 1.69471  -1.07792
3.29 1.68393  -1.08079
3.3 1.67312  -1.08378
3.31 1.66229  -1.0869
3.32 1.65142  -1.09016
3.33 1.64051  -1.09356
3.34 1.62958  -1.09712
3.35 1.61861  -1.10084
3.36 1.6076  -1.10474
3.37 1.59655  -1.10881
3.38 1.58546  -1.11308
3.39 1.57433  -1.11754
3.4 1.56316  -1.12222
3.41 1.55194  -1.12712
3.42 1.54066  -1.13226
3.43 1.52934  -1.13765
3.44 1.51797  -1.1433
3.45 1.50653  -1.14923
3.46 1.49504  -1.15546
3.47 1.48349  -1.16201
3.48 1.47187  -1.16888
3.49 1.46018  -1.17611
3.5 1.44842  -1.18372
3.51 1.43658  -1.19172
3.52 1.42466  -1.20014
3.53 1.41266  -1.20901
3.54 1.40057  -1.21835
3.55 1.38839  -1.2282
3.56 1.3761  -1.23858
3.57 1.36372  -1.24953
3.58 1.35122  -1.26109
3.59 1.33861  -1.27328
3.6 1.32588  -1.28616
3.61 1.31302  -1.29975
3.62 1.30002  -1.3141
3.63 1.28688  -1.32926
3.64 1.27359  -1.34527
3.65 1.26013  -1.36218
3.66 1.24651  -1.38002
3.67 1.23271  -1.39884
3.68 1.21872  -1.41868
3.69 1.20454  -1.43956
3.7 1.19014  -1.4615
3.71 1.17553  -1.48449
3.72 1.16068  -1.50852
3.73 1.1456  -1.53351
3.74 1.13026  -1.55935
3.75 1.11467  -1.58585
3.76 1.09881  -1.61271
3.77 1.08268  -1.63951
3.78 1.06629  -1.6656
3.79 1.04963  -1.69007
3.8 1.03273  -1.71163
3.81 1.01561  -1.72846
3.82 0.998329  -1.73802
3.83 0.980948  -1.73679
3.84 0.963581  -1.72
3.85 0.946381  -1.68121
3.86 0.929568  -1.61204
3.87 0.913448  -1.50201
3.88 0.898428  -1.33885
3.89 0.885039  -1.10989
3.9 0.873941  -0.804974
3.91 0.865891  -0.421458
3.92 0.861676  0.029855
3.93 0.861975  0.52083
3.94 0.867183  1.00889
3.95 0.877272  1.44864
3.96 0.891758  1.80688
3.97 0.909827  2.07137
3.98 0.930541  2.24878
3.99 0.953029  2.35608
4 0.976589  2.41232
4.01 1.00071  2.43395
4.02 1.02505  2.43344
4.03 1.04939  2.41952
4.04 1.07358  2.39801
4.05 1.09756  2.37269
4.06 1.12129  2.34592
4.07 1.14475  2.31917
4.08 1.16794  2.29329
4.09 1.19087  2.26876
4.1 1.21356  2.24581
4.11 1.23602  2.22455
4.12 1.25826  2.20496
4.13 1.28031  2.18698
4.14 1.30218  2.17053
4.15 1.32389  2.15551
4.16 1.34544  2.1418
4.17 1.36686  2.1293
4.18 1.38815  2.1179
4.19 1.40933  2.10751
4.2 1.43041  2.09803
4.21 1.45139  2.08938
4.22 1.47228  2.08148
4.23 1.4931  2.07426
4.24 1.51384  2.06766
4.25 1.53452  2.06162
4.26 1.55513  2.05609
4.27 1.57569  2.05102
4.28 1.5962  2.04637
4.29 1.61667  2.0421
4.3 1.63709  2.03818
4.31 1.65747  2.03457
4.32 1.67782  2.03125
4.33 1.69813  2.02818
4.34 1.71841  2.02536
4.35 1.73866  2.02275
4.36 1.75889  2.02034
4.37 1.7791  2.01812
4.38 1.79928  2.01606
4.39 1.81944  2.01415
4.4 1.83958  2.01238
4.41 1.8597  2.01074
4.42 1.87981  2.00922
4.43 1.8999  2.00781
4.44 1.91998  2.00649
4.45 1.94005  2.00527
4.46 1.9601  2.00413
4.47 1.98014  2.00307
4.48 2.00017  2.00208
4.49 2.02019  2.00116
4.5 2.0402  2.0003
4.51 2.06021  1.9995
4.52 2.0802  1.99874
4.53 2.10019  1.99804
4.54 2.12017  1.99738
4.55 2.14014  1.99677
4.56 2.16011  1.99619
4.57 2.18007  1.99565
4.58 2.20003  1.99514
4.59 2.21998  1.99466
4.6 2.23993  1.99421
4.61 2.25987  1.99379
4.62 2.27981  1.9934
4.63 2.29974  1.99303
4.64 2.31967  1.99268
4.65 2.3396  1.99235
4.66 2.35952  1.99204
4.67 2.37944  1.99174
4.68 2.39936  1.99147
4.69 2.41927  1.99121
4.7 2.43918  1.99096
4.71 2.45909  1.99073
4.72 2.479  1.99051
4.73 2.49891  1.9903
4.74 2.51881  1.9901
4.75 2.53871  1.98992
4.76 2.55861  1.98974
4.77 2.57851  1.98958
4.78 2.5984  1.98942
4.79 2.6183  1.98927
4.8 2.63819  1.98913
4.81 2.65808  1.98899
4.82 2.67797  1.98886
4.83 2.69786  1.98874
4.84 2.71775  1.98863
4.85 2.73763  1.98852
4.86 2.75752  1.98842
4.87 2.7774  1.98832
4.88 2.79729  1.98822
4.89 2.81717  1.98813
4.9 2.83705  1.98805
4.91 2.85693  1.98797
4.92 2.87681  1.98789
4.93 2.89669  1.98782
4.94 2.91657  1.98775
4.95 2.93644  1.98768
4.96 2.95632  1.98762
4.97 2.9762  1.98756
4.98 2.99607  1.9875
4.99 3.01595  1.98744
5 3.03582  1.98739
5.01 3.0557  1.98734
5.02 3.07557  1.98729
5.03 3.09544  1.98725
5.04 3.11532  1.9872
5.05 3.13519  1.98716
5.06 3.15506  1.98712
5.07 3.17493  1.98708
5.08 3.1948  1.98705
5.09 3.21467  1.98701
5.1 3.23454  1.98698
5.11 3.25441  1.98695
5.12 3.27428  1.98692
5.13 3.29415  1.98689
5.14 3.31402  1.98686
5.15 3.33389  1.98683
5.16 3.35376  1.9868
5.17 3.37362  1.98678
5.18 3.39349  1.98676
5.19 3.41336  1.98673
5.2 3.43323  1.98671
5.21 3.45309  1.98669
5.22 3.47296  1.98667
5.23 3.49283  1.98665
5.24 3.51269  1.98663
5.25 3.53256  1.98661
5.26 3.55243  1.9866
5.27 3.57229  1.98658
5.28 3.59216  1.98656
5.29 3.61202  1.98655
5.3 3.63189  1.98653
5.31 3.65175  1.98652
5.32 3.67162  1.98651
5.33 3.69148  1.98649
5.34 3.71135  1.98648
5.35 3.73121  1.98647
5.36 3.75108  1.98646
5.37 3.77094  1.98645
5.38 3.79081  1.98643
5.39 3.81067  1.98642
5.4 3.83054  1.98641
5.41 3.8504  1.9864
5.42 3.87026  1.9864
5.43 3.89013  1.98639
5.44 3.90999  1.98638
5.45 3.92986  1.98637
5.46 3.94972  1.98636
5.47 3.96958  1.98635
5.48 3.98945  1.98635
5.49 4.00931  1.98634
5.5 4.02917  1.98633
5.51 4.04904  1.98633
5.52 4.0689  1.98632
5.53 4.08876  1.98631
5.54 4.10863  1.98631
5.55 4.12849  1.9863
5.56 4.14835  1.9863
5.57 4.16822  1.98629
5.58 4.18808  1.98629
5.59 4.20794  1.98628
5.6 4.2278  1.98628
5.61 4.24767  1.98627
5.62 4.26753  1.98627
5.63 4.28739  1.98627
5.64 4.30726  1.98626
5.65 4.32712  1.98626
5.66 4.34698  1.98625
5.67 4.36684  1.98625
5.68 4.38671  1.98625
5.69 4.40657  1.98624
5.7 4.42643  1.98624
5.71 4.44629  1.98624
5.72 4.46616  1.98624
5.73 4.48602  1.98623
5.74 4.50588  1.98623
5.75 4.52574  1.98623
5.76 4.54561  1.98623
5.77 4.56547  1.98622
5.78 4.58533  1.98622
5.79 4.60519  1.98622
5.8 4.62505  1.98622
5.81 4.64492  1.98622
5.82 4.66478  1.98621
5.83 4.68464  1.98621
5.84 4.7045  1.98621
5.85 4.72436  1.98621
5.86 4.74423  1.98621
5.87 4.76409  1.98621
5.88 4.78395  1.98621
5.89 4.80381  1.98621
5.9 4.82368  1.98621
5.91 4.84354  1.9862
5.92 4.8634  1.9862
5.93 4.88326  1.9862
5.94 4.90312  1.9862
5.95 4.92299  1.9862
5.96 4.94285  1.9862
5.97 4.96271  1.9862
5.98 4.98257  1.9862
5.99 5.00243  1.9862
6 5.0223  1.9862
6.01 5.04216  1.9862
6.02 5.06202  1.9862
6.03 5.08188  1.9862
6.04 5.10174  1.9862
6.05 5.12161  1.9862
6.06 5.14147  1.9862
6.07 5.16133  1.9862
6.08 5.18119  1.9862
6.09 5.20105  1.98621
6.1 5.22092  1.98621
6.11 5.24078  1.98621
6.12 5.26064  1.98621
6.13 5.2805  1.98621
6.14 5.30036  1.98621
6.15 5.32023  1.98621
6.16 5.34009  1.98621
6.17 5.35995  1.98622
6.18 5.37981  1.98622
6.19 5.39967  1.98622
6.2 5.41954  1.98622
6.21 5.4394  1.98622
6.22 5.45926  1.98622
6.23 5.47912  1.98623
6.24 5.49899  1.98623
6.25 5.51885  1.98623
6.26 5.53871  1.98623
6.27 5.55857  1.98624
6.28 5.57844  1.98624
6.29 5.5983  1.98624
6.3 5.61816  1.98625
6.31 5.63802  1.98625
6.32 5.65789  1.98625
6.33 5.67775  1.98626
6.34 5.69761  1.98626
6.35 5.71747  1.98626
6.36 5.73734  1.98627
6.37 5.7572  1.98627
6.38 5.77706  1.98628
6.39 5.79692  1.98628
6.4 5.81679  1.98628
6.41 5.83665  1.98629
6.42 5.85651  1.98629
6.43 5.87637  1.9863
6.44 5.89624  1.9863
6.45 5.9161  1.98631
6.46 5.93596  1.98632
6.47 5.95583  1.98632
6.48 5.97569  1.98633
6.49 5.99555  1.98634
6.5 6.01542  1.98634
6.51 6.03528  1.98635
6.52 6.05514  1.98636
6.53 6.07501  1.98636
6.54 6.09487  1.98637
6.55 6.11473  1.98638
6.56 6.1346  1.98639
6.57 6.15446  1.9864
6.58 6.17433  1.98641
6.59 6.19419  1.98642
6.6 6.21405  1.98643
6.61 6.23392  1.98644
6.62 6.25378  1.98645
6.63 6.27365  1.98646
6.64 6.29351  1.98647
6.65 6.31338  1.98648
6.66 6.33324  1.9865
6.67 6.35311  1.98651
6.68 6.37297  1.98652
6.69 6.39284  1.98654
6.7 6.4127  1.98655
6.71 6.43257  1.98657
6.72 6.45243  1.98658
6.73 6.4723  1.9866
6.74 6.49217  1.98662
6.75 6.51203  1.98664
6.76 6.5319  1.98665
6.77 6.55176  1.98667
6.78 6.57163  1.98669
6.79 6.5915  1.98672
6.8 6.61137  1.98674
6.81 6.63123  1.98676
6.82 6.6511  1.98679
6.83 6.67097  1.98681
6.84 6.69084  1.98684
6.85 6.71071  1.98686
6.86 6.73057  1.98689
6.87 6.75044  1.98692
6.88 6.77031  1.98695
6.89 6.79018  1.98699
6.9 6.81005  1.98702
6.91 6.82992  1.98706
6.92 6.84979  1.98709
6.93 6.86966  1.98713
6.94 6.88953  1.98717
6.95 6.90941  1.98721
6.96 6.92928  1.98726
6.97 6.94915  1.98731
6.98 6.96902  1.98735
6.99 6.9889  1.9874
7 7.00877  1.98746
7.01 7.02865  1.98751
7.02 7.04852  1.98757
7.03 7.0684  1.98763
7.04 7.08827  1.9877
7.05 7.10815  1.98777
7.06 7.12803  1.98784
7.07 7.14791  1.98791
7.08 7.16779  1.98799
7.09 7.18767  1.98807
7.1 7.20755  1.98816
7.11 7.22743  1.98825
7.12 7.24731  1.98834
7.13 7.26719  1.98844
7.14 7.28708  1.98855
7.15 7.30696  1.98866
7.16 7.32685  1.98877
7.17 7.34674  1.9889
7.18 7.36663  1.98902
7.19 7.38652  1.98916
7.2 7.40641  1.9893
7.21 7.4263  1.98946
7.22 7.4462  1.98962
7.23 7.46609  1.98978
7.24 7.48599  1.98996
7.25 7.50589  1.99015
7.26 7.52579  1.99035
7.27 7.54569  1.99056
7.28 7.5656  1.99078
7.29 7.58551  1.99102
7.3 7.60542  1.99127
7.31 7.62533  1.99153
7.32 7.64525  1.99181
7.33 7.66516  1.99211
7.34 7.68509  1.99242
7.35 7.70501  1.99276
7.36 7.72494  1.99311
7.37 7.74487  1.99349
7.38 7.7648  1.99389
7.39 7.78474  1.99432
7.4 7.80469  1.99477
7.41 7.82463  1.99526
7.42 7.84459  1.99577
7.43 7.86454  1.99632
7.44 7.88451  1.99691
7.45 7.90448  1.99754
7.46 7.92445  1.9982
7.47 7.94443  1.99892
7.48 7.96442  1.99968
7.49 7.98442  2.0005
7.5 8.00442  2.00137
7.51 8.02444  2.00231
7.52 8.04446  2.00331
7.53 8.06449  2.00439
7.54 8.08454  2.00555
7.55 8.10459  2.00679
7.56 8.12466  2.00813
7.57 8.14474  2.00956
7.58 8.16484  2.01111
7.59 8.18495  2.01278
7.6 8.20508  2.01458
7.61 8.22522  2.01652
7.62 8.24539  2.01861
7.63 8.26557  2.02087
7.64 8.28578  2.02332
7.65 8.30602  2.02597
7.66 8.32628  2.02884
7.67 8.34656  2.03196
7.68 8.36688  2.03533
7.69 8.38724  2.039
7.7 8.40763  2.04299
7.71 8.42806  2.04733
7.72 8.44853  2.05205
7.73 8.46905  2.0572
7.74 8.48962  2.06282
7.75 8.51025  2.06895
7.76 8.53094  2.07564
7.77 8.5517  2.08296
7.78 8.57253  2.09096
7.79 8.59344  2.09972
7.8 8.61443  2.10932
7.81 8.63553  2.11983
7.82 8.65672  2.13135
7.83 8.67804  2.14396
7.84 8.69948  2.15778
7.85 8.72106  2.17291
7.86 8.74279  2.18945
7.87 8.76468  2.2075
7.88 8.78675  2.22715
7.89 8.80903  2.24844
7.9 8.83151  2.27137
7.91 8.85422  2.29587
7.92 8.87718  2.3217
7.93 8.9004  2.34842
7.94 8.92388  2.37523
7.95 8.94764  2.40079
7.96 8.97164  2.42294
7.97 8.99587  2.43818
7.98 9.02026  2.44102
7.99 9.04467  2.42293
8 9.06889  2.37081
8.01 9.0926  2.26507
8.02 9.11525  2.07755
8.03 9.13603  1.77076
8.04 9.15374  1.30175
8.05 9.16675  0.636782
8.06 9.17312  -0.218596
8.07 9.17094  -1.18507
8.08 9.15909  -2.11192
8.09 9.13797  -2.84968
8.1 9.10947  -3.33717
8.11 9.0761  -3.60868
8.12 9.04001  -3.73562
8.13 9.00265  -3.77996
8.14 8.96486  -3.78192
8.15 8.92704  -3.76429
8.16 8.88939  -3.73903
8.17 8.852  -3.71213
8.18 8.81488  -3.68641
8.19 8.77802  -3.66306
8.2 8.74139  -3.64242
8.21 8.70496  -3.62447
8.22 8.66872  -3.60899
8.23 8.63263  -3.59571
8.24 8.59667  -3.58434
8.25 8.56083  -3.57461
8.26 8.52508  -3.56628
8.27 8.48942  -3.55914
8.28 8.45383  -3.55302
8.29 8.4183  -3.54776
8.3 8.38282  -3.54322
8.31 8.34739  -3.5393
8.32 8.31199  -3.53591
8.33 8.27664  -3.53297
8.34 8.24131  -3.53042
8.35 8.206  -3.52819
8.36 8.17072  -3.52624
8.37 8.13546  -3.52454
8.38 8.10021  -3.52304
8.39 8.06498  -3.52173
8.4 8.02976  -3.52057
8.41 7.99456  -3.51955
8.42 7.95936  -3.51864
8.43 7.92418  -3.51784
8.44 7.889  -3.51713
8.45 7.85383  -3.51649
8.46 7.81866  -3.51592
8.47 7.7835  -3.51542
8.48 7.74835  -3.51497
8.49 7.7132  -3.51456
8.5 7.67805  -3.5142
8.51 7.64291  -3.51387
8.52 7.60777  -3.51357
8.53 7.57264  -3.51331
8.54 7.5375  -3.51307
8.55 7.50237  -3.51285
8.56 7.46724  -3.51265
8.57 7.43212  -3.51247
8.58 7.39699  -3.51231
8.59 7.36187  -3.51216
8.6 7.32675  -3.51203
8.61 7.29163  -3.51191
8.62 7.25651  -3.51179
8.63 7.22139  -3.51169
8.64 7.18627  -3.5116
8.65 7.15116  -3.51151
8.66 7.11604  -3.51143
8.67 7.08093  -3.51136
8.68 7.04581  -3.5113
8.69 7.0107  -3.51124
8.7 6.97559  -3.51118
8.71 6.94048  -3.51113
8.72 6.90537  -3.51108
8.73 6.87026  -3.51104
8.74 6.83515  -3.511
8.75 6.80004  -3.51096
8.76 6.76493  -3.51092
8.77 6.72982  -3.51089
8.78 6.69471  -3.51086
8.79 6.6596  -3.51083
8.8 6.62449  -3.51081
8.81 6.58938  -3.51078
8.82 6.55427  -3.51076
8.83 6.51917  -3.51074
8.84 6.48406  -3.51072
8.85 6.44895  -3.5107
8.86 6.41385  -3.51069
8.87 6.37874  -3.51067
8.88 6.34363  -3.51066
8.89 6.30853  -3.51065
8.9 6.27342  -3.51063
8.91 6.23831  -3.51062
8.92 6.20321  -3.51061
8.93 6.1681  -3.5106
8.94 6.13299  -3.51059
8.95 6.09789  -3.51058
8.96 6.06278  -3.51057
8.97 6.02768  -3.51057
8.98 5.99257  -3.51056
8.99 5.95747  -3.51055
9 5.92236  -3.51054
9.01 5.88725  -3.51054
9.02 5.85215  -3.51053
9.03 5.81704  -3.51053
9.04 5.78194  -3.51052
9.05 5.74683  -3.51052
9.06 5.71173  -3.51051
9.07 5.67662  -3.51051
9.08 5.64152  -3.51051
9.09 5.60641  -3.5105
9.1 5.57131  -3.5105
9.11 5.5362  -3.5105
9.12 5.5011  -3.5105
9.13 5.46599  -3.51049
9.14 5.43089  -3.51049
9.15 5.39578  -3.51049
9.16 5.36068  -3.51049
9.17 5.32557  -3.51048
9.18 5.29047  -3.51048
9.19 5.25536  -3.51048
9.2 5.22026  -3.51048
9.21 5.18515  -3.51048
9.22 5.15005  -3.51048
9.23 5.11494  -3.51048
9.24 5.07984  -3.51048
9.25 5.04473  -3.51048
9.26 5.00963  -3.51048
9.27 4.97453  -3.51048
9.28 4.93942  -3.51048
9.29 4.90432  -3.51048
9.3 4.86921  -3.51048
9.31 4.83411  -3.51048
9.32 4.799  -3.51048
9.33 4.7639  -3.51048
9.34 4.72879  -3.51048
9.35 4.69369  -3.51048
9.36 4.65858  -3.51048
9.37 4.62348  -3.51049
9.38 4.58837  -3.51049
9.39 4.55327  -3.51049
9.4 4.51816  -3.51049
9.41 4.48306  -3.51049
9.42 4.44795  -3.5105
9.43 4.41285  -3.5105
9.44 4.37774  -3.5105
9.45 4.34264  -3.51051
9.46 4.30753  -3.51051
9.47 4.27243  -3.51051
9.48 4.23732  -3.51052
9.49 4.20222  -3.51052
9.5 4.16711  -3.51053
9.51 4.13201  -3.51053
9.52 4.0969  -3.51054
9.53 4.0618  -3.51054
9.54 4.02669  -3.51055
9.55 3.99159  -3.51055
9.56 3.95648  -3.51056
9.57 3.92137  -3.51057
9.58 3.88627  -3.51058
9.59 3.85116  -3.51059
9.6 3.81606  -3.51059
9.61 3.78095  -3.5106
9.62 3.74584  -3.51061
9.63 3.71074  -3.51063
9.64 3.67563  -3.51064
9.65 3.64053  -3.51065
9.66 3.60542  -3.51066
9.67 3.57031  -3.51068
9.68 3.53521  -3.5107
9.69 3.5001  -3.51071
9.7 3.46499  -3.51073
9.71 3.42988  -3.51075
9.72 3.39478  -3.51077
9.73 3.35967  -3.5108
9.74 3.32456  -3.51082
9.75 3.28945  -3.51085
9.76 3.25434  -3.51087
9.77 3.21924  -3.51091
9.78 3.18413  -3.51094
9.79 3.14902  -3.51097
9.8 3.11391  -3.51101
9.81 3.0788  -3.51106
9.82 3.04369  -3.5111
9.83 3.00858  -3.51115
9.84 2.97346  -3.5112
9.85 2.93835  -3.51126
9.86 2.90324  -3.51133
9.87 2.86813  -3.51139
9.88 2.83301  -3.51147
9.89 2.7979  -3.51155
9.9 2.76278  -3.51164
9.91 2.72767  -3.51174
9.92 2.69255  -3.51184
9.93 2.65743  -3.51196
9.94 2.62231  -3.51209
9.95 2.58719  -3.51223
9.96 2.55207  -3.51238
9.97 2.51694  -3.51255
9.98 2.48182  -3.51274
9.99 2.44669  -3.51294
10 2.41156  -3.51317
10.01 2.37643  -3.51342
10.02 2.3413  -3.5137
10.03 2.30616  -3.51401
10.04 2.27102  -3.51436
10.05 2.23587  -3.51474
10.06 2.20073  -3.51516
10.07 2.16558  -3.51564
10.08 2.13042  -3.51617
10.09 2.09526  -3.51677
10.1 2.06009  -3.51744
10.11 2.02492  -3.51819
10.12 1.98973  -3.51904
10.13 1.95454  -3.51999
10.14 1.91934  -3.52107
10.15 1.88413  -3.5223
10.16 1.84891  -3.52369
10.17 1.81367  -3.52527
10.18 1.77842  -3.52708
10.19 1.74315  -3.52915
10.2 1.70786  -3.53151
10.21 1.67254  -3.53423
10.22 1.6372  -3.53736
10.23 1.60183  -3.54097
10.24 1.56642  -3.54514
10.25 1.53097  -3.54997
10.26 1.49547  -3.55559
10.27 1.45991  -3.56212
10.28 1.42429  -3.56973
10.29 1.38859  -3.57862
10.3 1.35281  -3.58899
10.31 1.31692  -3.6011
10.32 1.2809  -3.61522
10.33 1.24475  -3.63163
10.34 1.20844  -3.65058
10.35 1.17193  -3.67223
10.36 1.13521  -3.69649
10.37 1.09824  -3.72281
10.38 1.06102  -3.74959
10.39 1.02352  -3.7733
10.4 0.985786  -3.78658
10.41 0.947921  -3.77468
10.42 0.910174  -3.70865
10.43 0.873087  -3.53265
10.44 0.837761  -3.14241
10.45 0.806337  -2.35828
10.46 0.782754  -0.929731
10.47 0.773457  1.30146
10.48 0.786471  3.96146
10.49 0.826086  6.04131
10.5 0.886499  7.02253
10.51 0.956724  7.31824
10.52 1.02991  7.36796
10.53 1.10359  7.35214
10.54 1.17711  7.32527
10.55 1.25036  7.30135
10.56 1.32337  7.28281
10.57 1.3962  7.26907
10.58 1.46889  7.25903
10.59 1.54148  7.25171
10.6 1.614  7.24634
10.61 1.68646  7.24237
10.62 1.75889  7.23941
10.63 1.83128  7.23719
10.64 1.90365  7.2355
10.65 1.97601  7.2342
10.66 2.04835  7.2332
10.67 2.12068  7.23242
10.68 2.19301  7.2318
10.69 2.26532  7.23131
10.7 2.33764  7.23092
10.71 2.40995  7.23061
10.72 2.48225  7.23036
10.73 2.55456  7.23015
10.74 2.62686  7.22998
10.75 2.69916  7.22985
10.76 2.77146  7.22973
10.77 2.84375  7.22964
10.78 2.91605  7.22956
10.79 2.98835  7.22949
10.8 3.06064  7.22943
10.81 3.13293  7.22939
10.82 3.20523  7.22935
10.83 3.27752  7.22931
10.84 3.34982  7.22928
10.85 3.42211  7.22926
10.86 3.4944  7.22924
10.87 3.56669  7.22922
10.88 3.63898  7.2292
10.89 3.71128  7.22919
10.9 3.78357  7.22917
10.91 3.85586  7.22916
10.92 3.92815  7.22916
10.93 4.00044  7.22915
10.94 4.07274  7.22914
10.95 4.14503  7.22913
10.96 4.21732  7.22913
10.97 4.28961  7.22912
10.98 4.3619  7.22912
10.99 4.43419  7.22912
11 4.50648  7.22911
11.01 4.57877  7.22911
11.02 4.65107  7.22911
11.03 4.72336  7.22911
11.04 4.79565  7.22911
11.05 4.86794  7.22911
11.06 4.94023  7.22911
11.07 5.01252  7.22911
11.08 5.08481  7.22911
11.09 5.1571  7.22911
11.1 5.22939  7.22911
11.11 5.30168  7.22911
11.12 5.37398  7.22911
11.13 5.44627  7.22911
11.14 5.51856  7.22911
11.15 5.59085  7.22912
11.16 5.66314  7.22912
11.17 5.73543  7.22912
11.18 5.80772  7.22913
11.19 5.88001  7.22913
11.2 5.95231  7.22914
11.21 6.0246  7.22914
11.22 6.09689  7.22915
11.23 6.16918  7.22916
11.24 6.24147  7.22917
11.25 6.31376  7.22918
11.26 6.38605  7.22919
11.27 6.45835  7.22921
11.28 6.53064  7.22922
11.29 6.60293  7.22924
11.3 6.67522  7.22927
11.31 6.74752  7.22929
11.32 6.81981  7.22932
11.33 6.8921  7.22936
11.34 6.9644  7.2294
11.35 7.03669  7.22945
11.36 7.10898  7.22951
11.37 7.18128  7.22958
11.38 7.25358  7.22967
11.39 7.32587  7.22977
11.4 7.39817  7.22989
11.41 7.47047  7.23004
11.42 7.54277  7.23022
11.43 7.61507  7.23044
11.44 7.68738  7.23071
11.45 7.75968  7.23105
11.46 7.83199  7.23147
11.47 7.90431  7.232
11.48 7.97663  7.23266
11.49 8.04895  7.23352
11.5 8.12129  7.23461
11.51 8.19364  7.23603
11.52 8.266  7.23789
11.53 8.33837  7.24034
11.54 8.41078  7.24361
11.55 8.48321  7.248
11.56 8.55569  7.25397
11.57 8.62823  7.26211
11.58 8.70086  7.27327
11.59 8.77359  7.28849
11.6 8.84647  7.30879
11.61 8.91956  7.3342
11.62 8.9929  7.36013
11.63 9.0665  7.36488
11.64 9.14015  7.26557
11.65 9.21281  6.75641
11.66 9.28037  4.70469
11.67 9.32742  -2.73994
11.68 9.30002  -21.6337
11.69 9.08368  -32.5662
11.7 8.75802  -32.7187
11.71 8.43083  -32.6995
11.72 8.10384  -32.6947
11.73 7.77689  -32.6934
11.74 7.44996  -32.693
11.75 7.12303  -32.6928
11.76 6.7961  -32.6927
11.77 6.46917  -32.6927
11.78 6.14225  -32.6927
11.79 5.81532  -32.6927
11.8 5.48839  -32.6927
11.81 5.16147  -32.6927
11.82 4.83454  -32.6927
11.83 4.50761  -32.6927
11.84 4.18069  -32.6927
11.85 3.85376  -32.6927
11.86 3.52683  -32.6927
11.87 3.19991  -32.6927
11.88 2.87298  -32.6927
11.89 2.54605  -32.6928
11.9 2.21912  -32.693
11.91 1.89219  -32.6934
11.92 1.56526  -32.6948
11.93 1.23831  -32.6996
11.94 0.911316  -32.7191
11.95 0.584125  -32.5476
11.96 0.258649  92.478
11.97 1.18343  5.17385e+06
11.98 51739.7  5.17385e+06
11.99 103478  5.17385e+06
12 155217  5.17385e+06
12.01 206955  5.17385e+06
12.02 258694  5.17385e+06
12.03 310432  5.17385e+06
12.04 362171  5.17385e+06
12.05 413909  5.17385e+06
12.06 465648  5.17385e+06
12.07 517386  5.17385e+06
12.08 569125  5.17385e+06
12.09 620864  5.17385e+06
12.1 672602  5.17385e+06
12.11 724341  5.17385e+06
12.12 776079  5.17385e+06
12.13 827818  5.17385e+06
12.14 879556  5.17385e+06
12.15 931295  5.17385e+06
12.16 983033  5.17385e+06
12.17 1.03477e+06  5.17385e+06
12.18 1.08651e+06  5.17385e+06
12.19 1.13825e+06  5.17385e+06
12.2 1.18999e+06  5.17385e+06
12.21 1.24173e+06  5.17385e+06
12.22 1.29346e+06  5.17385e+06
12.23 1.3452e+06  5.17385e+06
12.24 1.39694e+06  5.17385e+06
12.25 1.44868e+06  5.17385e+06
12.26 1.50042e+06  5.17385e+06
12.27 1.55216e+06  5.17385e+06
12.28 1.6039e+06  5.17385e+06
12.29 1.65563e+06  5.17385e+06
12.3 1.70737e+06  5.17385e+06
12.31 1.75911e+06  5.17385e+06
12.32 1.81085e+06  5.17385e+06
12.33 1.86259e+06  5.17385e+06
12.34 1.91433e+06  5.17385e+06
12.35 1.96607e+06  5.17385e+06
12.36 2.0178e+06  5.17385e+06
12.37 2.06954e+06  5.17385e+06
12.38 2.12128e+06  5.17385e+06
12.39 2.17302e+06  5.17385e+06
12.4 2.22476e+06  5.17385e+06
12.41 2.2765e+06  5.17385e+06
12.42 2.32824e+06  5.17385e+06
12.43 2.37997e+06  5.17385e+06
12.44 2.43171e+06  5.17385e+06
12.45 2.48345e+06  5.17385e+06
12.46 2.53519e+06  5.17385e+06
12.47 2.58693e+06  5.17385e+06
12.48 2.63867e+06  5.17385e+06
12.49 2.6904e+06  5.17385e+06
12.5 2.74214e+06  5.17385e+06
12.51 2.79388e+06  5.17385e+06
12.52 2.84562e+06  5.17385e+06
12.53 2.89736e+06  5.17385e+06
12.54 2.9491e+06  5.17385e+06
12.55 3.00084e+06  5.17385e+06
12.56 3.05257e+06  5.17385e+06
12.57 3.10431e+06  5.17385e+06
12.58 3.15605e+06  5.17385e+06
12.59 3.20779e+06  5.17385e+06
12.6 3.25953e+06  5.17385e+06
12.61 3.31127e+06  5.17385e+06
12.62 3.36301e+06  5.17385e+06
12.63 3.41474e+06  5.17385e+06
12.64 3.46648e+06  5.17385e+06
12.65 3.51822e+06  5.17385e+06
12.66 3.56996e+06  5.17385e+06
12.67 3.6217e+06  5.17385e+06
12.68 3.67344e+06  5.17385e+06
12.69 3.72518e+06  5.17385e+06
12.7 3.77691e+06  5.17385e+06
12.71 3.82865e+06  5.17385e+06
12.72 3.88039e+06  5.17385e+06
12.73 3.93213e+06  5.17385e+06
12.74 3.98387e+06  5.17385e+06
12.75 4.03561e+06  5.17385e+06
12.76 4.08735e+06  5.17385e+06
12.77 4.13908e+06  5.17385e+06
12.78 4.19082e+06  5.17385e+06
12.79 4.24256e+06  5.17385e+06
12.8 4.2943e+06  5.17385e+06
12.81 4.34604e+06  5.17385e+06
12.82 4.39778e+06  5.17385e+06
12.83 4.44951e+06  5.17385e+06
12.84 4.50125e+06  5.17385e+06
12.85 4.55299e+06  5.17385e+06
12.86 4.60473e+06  5.17385e+06
12.87 4.65647e+06  5.17385e+06
12.88 4.70821e+06  5.17385e+06
12.89 4.75995e+06  5.17385e+06
12.9 4.81168e+06  5.17385e+06
12.91 4.86342e+06  5.17385e+06
12.92 4.91516e+06  5.17385e+06
12.93 4.9669e+06  5.17385e+06
12.94 5.01864e+06  5.17385e+06
12.95 5.07038e+06  5.17385e+06
12.96 5.12212e+06  5.17385e+06
12.97 5.17385e+06  5.17385e+06
12.98 5.22559e+06  5.17385e+06
12.99 5.27733e+06  5.17385e+06
13 5.32907e+06  5.17385e+06
13.01 5.38081e+06  5.17385e+06
13.02 5.43255e+06  5.17385e+06
13.03 5.48429e+06  5.17385e+06
13.04 5.53602e+06  5.17385e+06
13.05 5.58776e+06  5.17385e+06
13.06 5.6395e+06  5.17385e+06
13.07 5.69124e+06  5.17385e+06
13.08 5.74298e+06  5.17385e+06
13.09 5.79472e+06  5.17385e+06
13.1 5.84646e+06  5.17385e+06
13.11 5.89819e+06  5.17385e+06
13.12 5.94993e+06  5.17385e+06
13.13 6.00167e+06  5.17385e+06
13.14 6.05341e+06  5.17385e+06
13.15 6.10515e+06  5.17385e+06
13.16 6.15689e+06  5.17385e+06
13.17 6.20862e+06  5.17385e+06
13.18 6.26036e+06  5.17385e+06
13.19 6.3121e+06  5.17385e+06
13.2 6.36384e+06  5.17385e+06
13.21 6.41558e+06  5.17385e+06
13.22 6.46732e+06  5.17385e+06
13.23 6.51906e+06  5.17385e+06
13.24 6.57079e+06  5.17385e+06
13.25 6.62253e+06  5.17385e+06
13.26 6.67427e+06  5.17385e+06
13.27 6.72601e+06  5.17385e+06
13.28 6.77775e+06  5.17385e+06
13.29 6.82949e+06  5.17385e+06
13.3 6.88123e+06  5.17385e+06
13.31 6.93296e+06  5.17385e+06
13.32 6.9847e+06  5.17385e+06
13.33 7.03644e+06  5.17385e+06
13.34 7.08818e+06  5.17385e+06
13.35 7.13992e+06  5.17385e+06
13.36 7.19166e+06  5.17385e+06
13.37 7.2434e+06  5.17385e+06
13.38 7.29513e+06  5.17385e+06
13.39 7.34687e+06  5.17385e+06
13.4 7.39861e+06  5.17385e+06
13.41 7.45035e+06  5.17385e+06
13.42 7.50209e+06  5.17385e+06
13.43 7.55383e+06  5.17385e+06
13.44 7.60557e+06  5.17385e+06
13.45 7.6573e+06  5.17385e+06
13.46 7.70904e+06  5.17385e+06
13.47 7.76078e+06  5.17385e+06
13.48 7.81252e+06  5.17385e+06
13.49 7.86426e+06  5.17385e+06
13.5 7.916e+06  5.17385e+06
13.51 7.96773e+06  5.17385e+06
13.52 8.01947e+06  5.17385e+06
13.53 8.07121e+06  5.17385e+06
13.54 8.12295e+06  5.17385e+06
13.55 8.17469e+06  5.17385e+06
13.56 8.22643e+06  5.17385e+06
13.57 8.27817e+06  5.17385e+06
13.58 8.3299e+06  5.17385e+06
13.59 8.38164e+06  5.17385e+06
13.6 8.43338e+06  5.17385e+06
13.61 8.48512e+06  5.17385e+06
13.62 8.53686e+06  5.17385e+06
13.63 8.5886e+06  5.17385e+06
13.64 8.64034e+06  5.17385e+06
13.65 8.69207e+06  5.17385e+06
13.66 8.74381e+06  5.17385e+06
13.67 8.79555e+06  5.17385e+06
13.68 8.84729e+06  5.17385e+06
13.69 8.89903e+06  5.17385e+06
13.7 8.95077e+06  5.17385e+06
13.71 9.00251e+06  5.17385e+06
13.72 9.05424e+06  5.17385e+06
13.73 9.10598e+06  5.17385e+06
13.74 9.15772e+06  5.17385e+06
13.75 9.20946e+06  5.17385e+06
13.76 9.2612e+06  5.17385e+06
13.77 9.31294e+06  5.17385e+06
13.78 9.36468e+06  5.17385e+06
13.79 9.41641e+06  5.17385e+06
13.8 9.46815e+06  5.17385e+06
13.81 9.51989e+06  5.17385e+06
13.82 9.57163e+06  5.17385e+06
13.83 9.62337e+06  5.17385e+06
13.84 9.67511e+06  5.17385e+06
13.85 9.72684e+06  5.17385e+06
13.86 9.77858e+06  5.17385e+06
13.87 9.83032e+06  5.17385e+06
13.88 9.88206e+06  5.17385e+06
13.89 9.9338e+06  5.17385e+06
13.9 9.98554e+06  5.17385e+06
13.91 1.00373e+07  5.17385e+06
13.92 1.0089e+07  5.17385e+06
13.93 1.01408e+07  5.17385e+06
13.94 1.01925e+07  5.17385e+06
13.95 1.02442e+07  5.17385e+06
13.96 1.0296e+07  5.17385e+06
13.97 1.03477e+07  5.17385e+06
13.98 1.03994e+07  5.17385e+06
13.99 1.04512e+07  5.17385e+06
14 1.05029e+07  5.17385e+06
14.01 1.05547e+07  5.17385e+06
14.02 1.06064e+07  5.17385e+06
14.03 1.06581e+07  5.17385e+06
14.04 1.07099e+07  5.17385e+06
14.05 1.07616e+07  5.17385e+06
14.06 1.08134e+07  5.17385e+06
14.07 1.08651e+07  5.17385e+06
14.08 1.09168e+07  5.17385e+06
14.09 1.09686e+07  5.17385e+06
14.1 1.10203e+07  5.17385e+06
14.11 1.1072e+07  5.17385e+06
14.12 1.11238e+07  5.17385e+06
14.13 1.11755e+07  5.17385e+06
14.14 1.12273e+07  5.17385e+06
14.15 1.1279e+07  5.17385e+06
14.16 1.13307e+07  5.17385e+06
14.17 1.13825e+07  5.17385e+06
14.18 1.14342e+07  5.17385e+06
14.19 1.1486e+07  5.17385e+06
14.2 1.15377e+07  5.17385e+06
14.21 1.15894e+07  5.17385e+06
14.22 1.16412e+07  5.17385e+06
14.23 1.16929e+07  5.17385e+06
14.24 1.17446e+07  5.17385e+06
14.25 1.17964e+07  5.17385e+06
14.26 1.18481e+07  5.17385e+06
14.27 1.18999e+07  5.17385e+06
14.28 1.19516e+07  5.17385e+06
14.29 1.20033e+07  5.17385e+06
14.3 1.20551e+07  5.17385e+06
14.31 1.21068e+07  5.17385e+06
14.32 1.21586e+07  5.17385e+06
14.33 1.22103e+07  5.17385e+06
14.34 1.2262e+07  5.17385e+06
14.35 1.23138e+07  5.17385e+06
14.36 1.23655e+07  5.17385e+06
14.37 1.24172e+07  5.17385e+06
14.38 1.2469e+07  5.17385e+06
14.39 1.25207e+07  5.17385e+06
14.4 1.25725e+07  5.17385e+06
14.41 1.26242e+07  5.17385e+06
14.42 1.26759e+07  5.17385e+06
14.43 1.27277e+07  5.17385e+06
14.44 1.27794e+07  5.17385e+06
14.45 1.28312e+07  5.17385e+06
14.46 1.28829e+07  5.17385e+06
14.47 1.29346e+07  5.17385e+06
14.48 1.29864e+07  5.17385e+06
14.49 1.30381e+07  5.17385e+06
14.5 1.30898e+07  5.17385e+06
14.51 1.31416e+07  5.17385e+06
14.52 1.31933e+07  5.17385e+06
14.53 1.32451e+07  5.17385e+06
14.54 1.32968e+07  5.17385e+06
14.55 1.33485e+07  5.17385e+06
14.56 1.34003e+07  5.17385e+06
14.57 1.3452e+07  5.17385e+06
14.58 1.35038e+07  5.17385e+06
14.59 1.35555e+07  5.17385e+06
14.6 1.36072e+07  5.17385e+06
14.61 1.3659e+07  5.17385e+06
14.62 1.37107e+07  5.17385e+06
14.63 1.37625e+07  5.17385e+06
14.64 1.38142e+07  5.17385e+06
14.65 1.38659e+07  5.17385e+06
14.66 1.39177e+07  5.17385e+06
14.67 1.39694e+07  5.17385e+06
14.68 1.40211e+07  5.17385e+06
14.69 1.40729e+07  5.17385e+06
14.7 1.41246e+07  5.17385e+06
14.71 1.41764e+07  5.17385e+06
14.72 1.42281e+07  5.17385e+06
14.73 1.42798e+07  5.17385e+06
14.74 1.43316e+07  5.17385e+06
14.75 1.43833e+07  5.17385e+06
14.76 1.44351e+07  5.17385e+06
14.77 1.44868e+07  5.17385e+06
14.78 1.45385e+07  5.17385e+06
14.79 1.45903e+07  5.17385e+06
14.8 1.4642e+07  5.17385e+06
14.81 1.46937e+07  5.17385e+06
14.82 1.47455e+07  5.17385e+06
14.83 1.47972e+07  5.17385e+06
14.84 1.4849e+07  5.17385e+06
14.85 1.49007e+07  5.17385e+06
14.86 1.49524e+07  5.17385e+06
14.87 1.50042e+07  5.17385e+06
14.88 1.50559e+07  5.17385e+06
14.89 1.51077e+07  5.17385e+06
14.9 1.51594e+07  5.17385e+06
14.91 1.52111e+07  5.17385e+06
14.92 1.52629e+07  5.17385e+06
14.93 1.53146e+07  5.17385e+06
14.94 1.53663e+07  5.17385e+06
14.95 1.54181e+07  5.17385e+06
14.96 1.54698e+07  5.17385e+06
14.97 1.55216e+07  5.17385e+06
14.98 1.55733e+07  5.17385e+06
14.99 1.5625e+07  5.17385e+06
15 1.56768e+07  5.17385e+06
15.01 1.57285e+07  5.17385e+06
15.02 1.57803e+07  5.17385e+06
15.03 1.5832e+07  5.17385e+06
15.04 1.58837e+07  5.17385e+06
15.05 1.59355e+07  5.17385e+06
15.06 1.59872e+07  5.17385e+06
15.07 1.60389e+07  5.17385e+06
15.08 1.60907e+07  5.17385e+06
15.09 1.61424e+07  5.17385e+06
15.1 1.61942e+07  5.17385e+06
15.11 1.62459e+07  5.17385e+06
15.12 1.62976e+07  5.17385e+06
15.13 1.63494e+07  5.17385e+06
15.14 1.64011e+07  5.17385e+06
15.15 1.64529e+07  5.17385e+06
15.16 1.65046e+07  5.17385e+06
15.17 1.65563e+07  5.17385e+06
15.18 1.66081e+07  5.17385e+06
15.19 1.66598e+07  5.17385e+06
15.2 1.67115e+07  5.17385e+06
15.21 1.67633e+07  5.17385e+06
15.22 1.6815e+07  5.17385e+06
15.23 1.68668e+07  5.17385e+06
15.24 1.69185e+07  5.17385e+06
15.25 1.69702e+07  5.17385e+06
15.26 1.7022e+07  5.17385e+06
15.27 1.70737e+07  5.17385e+06
15.28 1.71255e+07  5.17385e+06
15.29 1.71772e+07  5.17385e+06
15.3 1.72289e+07  5.17385e+06
15.31 1.72807e+07  5.17385e+06
15.32 1.73324e+07  5.17385e+06
15.33 1.73841e+07  5.17385e+06
15.34 1.74359e+07  5.17385e+06
15.35 1.74876e+07  5.17385e+06
15.36 1.75394e+07  5.17385e+06
15.37 1.75911e+07  5.17385e+06
15.38 1.76428e+07  5.17385e+06
15.39 1.76946e+07  5.17385e+06
15.4 1.77463e+07  5.17385e+06
15.41 1.77981e+07  5.17385e+06
15.42 1.78498e+07  5.17385e+06
15.43 1.79015e+07  5.17385e+06
15.44 1.79533e+07  5.17385e+06
15.45 1.8005e+07  5.17385e+06
15.46 1.80567e+07  5.17385e+06
15.47 1.81085e+07  5.17385e+06
15.48 1.81602e+07  5.17385e+06
15.49 1.8212e+07  5.17385e+06
15.5 1.82637e+07  5.17385e+06
15.51 1.83154e+07  5.17385e+06
15.52 1.83672e+07  5.17385e+06
15.53 1.84189e+07  5.17385e+06
15.54 1.84707e+07  5.17385e+06
15.55 1.85224e+07  5.17385e+06
15.56 1.85741e+07  5.17385e+06
15.57 1.86259e+07  5.17385e+06
15.58 1.86776e+07  5.17385e+06
15.59 1.87293e+07  5.17385e+06
15.6 1.87811e+07  5.17385e+06
15.61 1.88328e+07  5.17385e+06
15.62 1.88846e+07  5.17385e+06
15.63 1.89363e+07  5.17385e+06
15.64 1.8988e+07  5.17385e+06
15.65 1.90398e+07  5.17385e+06
15.66 1.90915e+07  5.17385e+06
15.67 1.91433e+07  5.17385e+06
15.68 1.9195e+07  5.17385e+06
15.69 1.92467e+07  5.17385e+06
15.7 1.92985e+07  5.17385e+06
15.71 1.93502e+07  5.17385e+06
15.72 1.94019e+07  5.17385e+06
15.73 1.94537e+07  5.17385e+06
15.74 1.95054e+07  5.17385e+06
15.75 1.95572e+07  5.17385e+06
15.76 1.96089e+07  5.17385e+06
15.77 1.96606e+07  5.17385e+06
15.78 1.97124e+07  5.17385e+06
15.79 1.97641e+07  5.17385e+06
15.8 1.98159e+07  5.17385e+06
15.81 1.98676e+07  5.17385e+06
15.82 1.99193e+07  5.17385e+06
15.83 1.99711e+07  5.17385e+06
15.84 2.00228e+07  5.17385e+06
15.85 2.00746e+07  5.17385e+06
15.86 2.01263e+07  5.17385e+06
15.87 2.0178e+07  5.17385e+06
15.88 2.02298e+07  5.17385e+06
15.89 2.02815e+07  5.17385e+06
15.9 2.03332e+07  5.17385e+06
15.91 2.0385e+07  5.17385e+06
15.92 2.04367e+07  5.17385e+06
15.93 2.04885e+07  5.17385e+06
15.94 2.05402e+07  5.17385e+06
15.95 2.05919e+07  5.17385e+06
15.96 2.06437e+07  5.17385e+06
15.97 2.06954e+07  5.17385e+06
15.98 2.07472e+07  5.17385e+06
15.99 2.07989e+07  5.17385e+06
16 2.08506e+07  5.17385e+06
16.01 2.09024e+07  5.17385e+06
16.02 2.09541e+07  5.17385e+06
16.03 2.10058e+07  5.17385e+06
16.04 2.10576e+07  5.17385e+06
16.05 2.11093e+07  5.17385e+06
16.06 2.11611e+07  5.17385e+06
16.07 2.12128e+07  5.17385e+06
16.08 2.12645e+07  5.17385e+06
16.09 2.13163e+07  5.17385e+06
16.1 2.1368e+07  5.17385e+06
16.11 2.14198e+07  5.17385e+06
16.12 2.14715e+07  5.17385e+06
16.13 2.15232e+07  5.17385e+06
16.14 2.1575e+07  5.17385e+06
16.15 2.16267e+07  5.17385e+06
16.16 2.16784e+07  5.17385e+06
16.17 2.17302e+07  5.17385e+06
16.18 2.17819e+07  5.17385e+06
16.19 2.18337e+07  5.17385e+06
16.2 2.18854e+07  5.17385e+06
16.21 2.19371e+07  5.17385e+06
16.22 2.19889e+07  5.17385e+06
16.23 2.20406e+07  5.17385e+06
16.24 2.20924e+07  5.17385e+06
16.25 2.21441e+07  5.17385e+06
16.26 2.21958e+07  5.17385e+06
16.27 2.22476e+07  5.17385e+06
16.28 2.22993e+07  5.17385e+06
16.29 2.2351e+07  5.17385e+06
16.3 2.24028e+07  5.17385e+06
16.31 2.24545e+07  5.17385e+06
16.32 2.25063e+07  5.17385e+06
16.33 2.2558e+07  5.17385e+06
16.34 2.26097e+07  5.17385e+06
16.35 2.26615e+07  5.17385e+06
16.36 2.27132e+07  5.17385e+06
16.37 2.2765e+07  5.17385e+06
16.38 2.28167e+07  5.17385e+06
16.39 2.28684e+07  5.17385e+06
16.4 2.29202e+07  5.17385e+06
16.41 2.29719e+07  5.17385e+06
16.42 2.30236e+07  5.17385e+06
16.43 2.30754e+07  5.17385e+06
16.44 2.31271e+07  5.17385e+06
16.45 2.31789e+07  5.17385e+06
16.46 2.32306e+07  5.17385e+06
16.47 2.32823e+07  5.17385e+06
16.48 2.33341e+07  5.17385e+06
16.49 2.33858e+07  5.17385e+06
16.5 2.34376e+07  5.17385e+06
16.51 2.34893e+07  5.17385e+06
16.52 2.3541e+07  5.17385e+06
16.53 2.35928e+07  5.17385e+06
16.54 2.36445e+07  5.17385e+06
16.55 2.36962e+07  5.17385e+06
16.56 2.3748e+07  5.17385e+06
16.57 2.37997e+07  5.17385e+06
16.58 2.38515e+07  5.17385e+06
16.59 2.39032e+07  5.17385e+06
16.6 2.39549e+07  5.17385e+06
16.61 2.40067e+07  5.17385e+06
16.62 2.40584e+07  5.17385e+06
16.63 2.41102e+07  5.17385e+06
16.64 2.41619e+07  5.17385e+06
16.65 2.42136e+07  5.17385e+06
16.66 2.42654e+07  5.17385e+06
16.67 2.43171e+07  5.17385e+06
16.68 2.43688e+07  5.17385e+06
16.69 2.44206e+07  5.17385e+06
16.7 2.44723e+07  5.17385e+06
16.71 2.45241e+07  5.17385e+06
16.72 2.45758e+07  5.17385e+06
16.73 2.46275e+07  5.17385e+06
16.74 2.46793e+07  5.17385e+06
16.75 2.4731e+07  5.17385e+06
16.76 2.47828e+07  5.17385e+06
16.77 2.48345e+07  5.17385e+06
16.78 2.48862e+07  5.17385e+06
16.79 2.4938e+07  5.17385e+06
16.8 2.49897e+07  5.17385e+06
16.81 2.50414e+07  5.17385e+06
16.82 2.50932e+07  5.17385e+06
16.83 2.51449e+07  5.17385e+06
16.84 2.51967e+07  5.17385e+06
16.85 2.52484e+07  5.17385e+06
16.86 2.53001e+07  5.17385e+06
16.87 2.53519e+07  5.17385e+06
16.88 2.54036e+07  5.17385e+06
16.89 2.54554e+07  5.17385e+06
16.9 2.55071e+07  5.17385e+06
16.91 2.55588e+07  5.17385e+06
16.92 2.56106e+07  5.17385e+06
16.93 2.56623e+07  5.17385e+06
16.94 2.57141e+07  5.17385e+06
16.95 2.57658e+07  5.17385e+06
16.96 2.58175e+07  5.17385e+06
16.97 2.58693e+07  5.17385e+06
16.98 2.5921e+07  5.17385e+06
16.99 2.59727e+07  5.17385e+06
17 2.60245e+07  5.17385e+06
17.01 2.60762e+07  5.17385e+06
17.02 2.6128e+07  5.17385e+06
17.03 2.61797e+07  5.17385e+06
17.04 2.62314e+07  5.17385e+06
17.05 2.62832e+07  5.17385e+06
17.06 2.63349e+07  5.17385e+06
17.07 2.63867e+07  5.17385e+06
17.08 2.64384e+07  5.17385e+06
17.09 2.64901e+07  5.17385e+06
17.1 2.65419e+07  5.17385e+06
17.11 2.65936e+07  5.17385e+06
17.12 2.66453e+07  5.17385e+06
17.13 2.66971e+07  5.17385e+06
17.14 2.67488e+07  5.17385e+06
17.15 2.68006e+07  5.17385e+06
17.16 2.68523e+07  5.17385e+06
17.17 2.6904e+07  5.17385e+06
17.18 2.69558e+07  5.17385e+06
17.19 2.70075e+07  5.17385e+06
17.2 2.70593e+07  5.17385e+06
17.21 2.7111e+07  5.17385e+06
17.22 2.71627e+07  5.17385e+06
17.23 2.72145e+07  5.17385e+06
17.24 2.72662e+07  5.17385e+06
17.25 2.73179e+07  5.17385e+06
17.26 2.73697e+07  5.17385e+06
17.27 2.74214e+07  5.17385e+06
17.28 2.74732e+07  5.17385e+06
17.29 2.75249e+07  5.17385e+06
17.3 2.75766e+07  5.17385e+06
17.31 2.76284e+07  5.17385e+06
17.32 2.76801e+07  5.17385e+06
17.33 2.77319e+07  5.17385e+06
17.34 2.77836e+07  5.17385e+06
17.35 2.78353e+07  5.17385e+06
17.36 2.78871e+07  5.17385e+06
17.37 2.79388e+07  5.17385e+06
17.38 2.79905e+07  5.17385e+06
17.39 2.80423e+07  5.17385e+06
17.4 2.8094e+07  5.17385e+06
17.41 2.81458e+07  5.17385e+06
17.42 2.81975e+07  5.17385e+06
17.43 2.82492e+07  5.17385e+06
17.44 2.8301e+07  5.17385e+06
17.45 2.83527e+07  5.17385e+06
17.46 2.84045e+07  5.17385e+06
17.47 2.84562e+07  5.17385e+06
17.48 2.85079e+07  5.17385e+06
17.49 2.85597e+07  5.17385e+06
17.5 2.86114e+07  5.17385e+06
17.51 2.86631e+07  5.17385e+06
17.52 2.87149e+07  5.17385e+06
17.53 2.87666e+07  5.17385e+06
17.54 2.88184e+07  5.17385e+06
17.55 2.88701e+07  5.17385e+06
17.56 2.89218e+07  5.17385e+06
17.57 2.89736e+07  5.17385e+06
17.58 2.90253e+07  5.17385e+06
17.59 2.90771e+07  5.17385e+06
17.6 2.91288e+07  5.17385e+06
17.61 2.91805e+07  5.17385e+06
17.62 2.92323e+07  5.17385e+06
17.63 2.9284e+07  5.17385e+06
17.64 2.93357e+07  5.17385e+06
17.65 2.93875e+07  5.17385e+06
17.66 2.94392e+07  5.17385e+06
17.67 2.9491e+07  5.17385e+06
17.68 2.95427e+07  5.17385e+06
17.69 2.95944e+07  5.17385e+06
17.7 2.96462e+07  5.17385e+06
17.71 2.96979e+07  5.17385e+06
17.72 2.97497e+07  5.17385e+06
17.73 2.98014e+07  5.17385e+06
17.74 2.98531e+07  5.17385e+06
17.75 2.99049e+07  5.17385e+06
17.76 2.99566e+07  5.17385e+06
17.77 3.00083e+07  5.17385e+06
17.78 3.00601e+07  5.17385e+06
17.79 3.01118e+07  5.17385e+06
17.8 3.01636e+07  5.17385e+06
17.81 3.02153e+07  5.17385e+06
17.82 3.0267e+07  5.17385e+06
17.83 3.03188e+07  5.17385e+06
17.84 3.03705e+07  5.17385e+06
17.85 3.04223e+07  5.17385e+06
17.86 3.0474e+07  5.17385e+06
17.87 3.05257e+07  5.17385e+06
17.88 3.05775e+07  5.17385e+06
17.89 3.06292e+07  5.17385e+06
17.9 3.06809e+07  5.17385e+06
17.91 3.07327e+07  5.17385e+06
17.92 3.07844e+07  5.17385e+06
17.93 3.08362e+07  5.17385e+06
17.94 3.08879e+07  5.17385e+06
17.95 3.09396e+07  5.17385e+06
17.96 3.09914e+07  5.17385e+06
17.97 3.10431e+07  5.17385e+06
17.98 3.10949e+07  5.17385e+06
17.99 3.11466e+07  5.17385e+06
18 3.11983e+07  5.17385e+06
18.01 3.12501e+07  5.17385e+06
18.02 3.13018e+07  5.17385e+06
18.03 3.13536e+07  5.17385e+06
18.04 3.14053e+07  5.17385e+06
18.05 3.1457e+07  5.17385e+06
18.06 3.15088e+07  5.17385e+06
18.07 3.15605e+07  5.17385e+06
18.08 3.16122e+07  5.17385e+06
18.09 3.1664e+07  5.17385e+06
18.1 3.17157e+07  5.17385e+06
18.11 3.17675e+07  5.17385e+06
18.12 3.18192e+07  5.17385e+06
18.13 3.18709e+07  5.17385e+06
18.14 3.19227e+07  5.17385e+06
18.15 3.19744e+07  5.17385e+06
18.16 3.20262e+07  5.17385e+06
18.17 3.20779e+07  5.17385e+06
18.18 3.21296e+07  5.17385e+06
18.19 3.21814e+07  5.17385e+06
18.2 3.22331e+07  5.17385e+06
18.21 3.22848e+07  5.17385e+06
18.22 3.23366e+07  5.17385e+06
18.23 3.23883e+07  5.17385e+06
18.24 3.24401e+07  5.17385e+06
18.25 3.24918e+07  5.17385e+06
18.26 3.25435e+07  5.17385e+06
18.27 3.25953e+07  5.17385e+06
18.28 3.2647e+07  5.17385e+06
18.29 3.26988e+07  5.17385e+06
18.3 3.27505e+07  5.17385e+06
18.31 3.28022e+07  5.17385e+06
18.32 3.2854e+07  5.17385e+06
18.33 3.29057e+07  5.17385e+06
18.34 3.29574e+07  5.17385e+06
18.35 3.30092e+07  5.17385e+06
18.36 3.30609e+07  5.17385e+06
18.37 3.31127e+07  5.17385e+06
18.38 3.31644e+07  5.17385e+06
18.39 3.32161e+07  5.17385e+06
18.4 3.32679e+07  5.17385e+06
18.41 3.33196e+07  5.17385e+06
18.42 3.33714e+07  5.17385e+06
18.43 3.34231e+07  5.17385e+06
18.44 3.34748e+07  5.17385e+06
18.45 3.35266e+07  5.17385e+06
18.46 3.35783e+07  5.17385e+06
18.47 3.363e+07  5.17385e+06
18.48 3.36818e+07  5.17385e+06
18.49 3.37335e+07  5.17385e+06
18.5 3.37853e+07  5.17385e+06
18.51 3.3837e+07  5.17385e+06
18.52 3.38887e+07  5.17385e+06
18.53 3.39405e+07  5.17385e+06
18.54 3.39922e+07  5.17385e+06
18.55 3.4044e+07  5.17385e+06
18.56 3.40957e+07  5.17385e+06
18.57 3.41474e+07  5.17385e+06
18.58 3.41992e+07  5.17385e+06
18.59 3.42509e+07  5.17385e+06
18.6 3.43026e+07  5.17385e+06
18.61 3.43544e+07  5.17385e+06
18.62 3.44061e+07  5.17385e+06
18.63 3.44579e+07  5.17385e+06
18.64 3.45096e+07  5.17385e+06
18.65 3.45613e+07  5.17385e+06
18.66 3.46131e+07  5.17385e+06
18.67 3.46648e+07  5.17385e+06
18.68 3.47166e+07  5.17385e+06
18.69 3.47683e+07  5.17385e+06
18.7 3.482e+07  5.17385e+06
18.71 3.48718e+07  5.17385e+06
18.72 3.49235e+07  5.17385e+06
18.73 3.49752e+07  5.17385e+06
18.74 3.5027e+07  5.17385e+06
18.75 3.50787e+07  5.17385e+06
18.76 3.51305e+07  5.17385e+06
18.77 3.51822e+07  5.17385e+06
18.78 3.52339e+07  5.17385e+06
18.79 3.52857e+07  5.17385e+06
18.8 3.53374e+07  5.17385e+06
18.81 3.53892e+07  5.17385e+06
18.82 3.54409e+07  5.17385e+06
18.83 3.54926e+07  5.17385e+06
18.84 3.55444e+07  5.17385e+06
18.85 3.55961e+07  5.17385e+06
18.86 3.56478e+07  5.17385e+06
18.87 3.56996e+07  5.17385e+06
18.88 3.57513e+07  5.17385e+06
18.89 3.58031e+07  5.17385e+06
18.9 3.58548e+07  5.17385e+06
18.91 3.59065e+07  5.17385e+06
18.92 3.59583e+07  5.17385e+06
18.93 3.601e+07  5.17385e+06
18.94 3.60618e+07  5.17385e+06
18.95 3.61135e+07  5.17385e+06
18.96 3.61652e+07  5.17385e+06
18.97 3.6217e+07  5.17385e+06
18.98 3.62687e+07  5.17385e+06
18.99 3.63204e+07  5.17385e+06
19 3.63722e+07  5.17385e+06
19.01 3.64239e+07  5.17385e+06
19.02 3.64757e+07  5.17385e+06
19.03 3.65274e+07  5.17385e+06
19.04 3.65791e+07  5.17385e+06
19.05 3.66309e+07  5.17385e+06
19.06 3.66826e+07  5.17385e+06
19.07 3.67344e+07  5.17385e+06
19.08 3.67861e+07  5.17385e+06
19.09 3.68378e+07  5.17385e+06
19.1 3.68896e+07  5.17385e+06
19.11 3.69413e+07  5.17385e+06
19.12 3.6993e+07  5.17385e+06
19.13 3.70448e+07  5.17385e+06
19.14 3.70965e+07  5.17385e+06
19.15 3.71483e+07  5.17385e+06
19.16 3.72e+07  5.17385e+06
19.17 3.72517e+07  5.17385e+06
19.18 3.73035e+07  5.17385e+06
19.19 3.73552e+07  5.17385e+06
19.2 3.7407e+07  5.17385e+06
19.21 3.74587e+07  5.17385e+06
19.22 3.75104e+07  5.17385e+06
19.23 3.75622e+07  5.17385e+06
19.24 3.76139e+07  5.17385e+06
19.25 3.76657e+07  5.17385e+06
19.26 3.77174e+07  5.17385e+06
19.27 3.77691e+07  5.17385e+06
19.28 3.78209e+07  5.17385e+06
19.29 3.78726e+07  5.17385e+06
19.3 3.79243e+07  5.17385e+06
19.31 3.79761e+07  5.17385e+06
19.32 3.80278e+07  5.17385e+06
19.33 3.80796e+07  5.17385e+06
19.34 3.81313e+07  5.17385e+06
19.35 3.8183e+07  5.17385e+06
19.36 3.82348e+07  5.17385e+06
19.37 3.82865e+07  5.17385e+06
19.38 3.83383e+07  5.17385e+06
19.39 3.839e+07  5.17385e+06
19.4 3.84417e+07  5.17385e+06
19.41 3.84935e+07  5.17385e+06
19.42 3.85452e+07  5.17385e+06
19.43 3.85969e+07  5.17385e+06
19.44 3.86487e+07  5.17385e+06
19.45 3.87004e+07  5.17385e+06
19.46 3.87522e+07  5.17385e+06
19.47 3.88039e+07  5.17385e+06
19.48 3.88556e+07  5.17385e+06
19.49 3.89074e+07  5.17385e+06
19.5 3.89591e+07  5.17385e+06
19.51 3.90109e+07  5.17385e+06
19.52 3.90626e+07  5.17385e+06
19.53 3.91143e+07  5.17385e+06
19.54 3.91661e+07  5.17385e+06
19.55 3.92178e+07  5.17385e+06
19.56 3.92695e+07  5.17385e+06
19.57 3.93213e+07  5.17385e+06
19.58 3.9373e+07  5.17385e+06
19.59 3.94248e+07  5.17385e+06
19.6 3.94765e+07  5.17385e+06
19.61 3.95282e+07  5.17385e+06
19.62 3.958e+07  5.17385e+06
19.63 3.96317e+07  5.17385e+06
19.64 3.96835e+07  5.17385e+06
19.65 3.97352e+07  5.17385e+06
19.66 3.97869e+07  5.17385e+06
19.67 3.98387e+07  5.17385e+06
19.68 3.98904e+07  5.17385e+06
19.69 3.99421e+07  5.17385e+06
19.7 3.99939e+07  5.17385e+06
19.71 4.00456e+07  5.17385e+06
19.72 4.00974e+07  5.17385e+06
19.73 4.01491e+07  5.17385e+06
19.74 4.02008e+07  5.17385e+06
19.75 4.02526e+07  5.17385e+06
19.76 4.03043e+07  5.17385e+06
19.77 4.03561e+07  5.17385e+06
19.78 4.04078e+07  5.17385e+06
19.79 4.04595e+07  5.17385e+06
19.8 4.05113e+07  5.17385e+06
19.81 4.0563e+07  5.17385e+06
19.82 4.06147e+07  5.17385e+06
19.83 4.06665e+07  5.17385e+06
19.84 4.07182e+07  5.17385e+06
19.85 4.077e+07  5.17385e+06
19.86 4.08217e+07  5.17385e+06
19.87 4.08734e+07  5.17385e+06
19.88 4.09252e+07  5.17385e+06
19.89 4.09769e+07  5.17385e+06
19.9 4.10287e+07  5.17385e+06
19.91 4.10804e+07  5.17385e+06
19.92 4.11321e+07  5.17385e+06
19.93 4.11839e+07  5.17385e+06
19.94 4.12356e+07  5.17385e+06
19.95 4.12873e+07  5.17385e+06
19.96 4.13391e+07  5.17385e+06
19.97 4.13908e+07  5.17385e+06
19.98 4.14426e+07  5.17385e+06
19.99 4.14943e+07  5.17385e+06
20 4.1546e+07  5.17385e+06
