0 5 -1
0.01 4.99  -1
0.02 4.98  -1
0.03 4.97  -1
0.04 4.96  -1
0.05 4.95  -1
0.06 4.94  -1
0.07 4.93  -1
0.08 4.92  -1
0.09 4.91  -1
0.1 4.9  -1
0.11 4.89  -1
0.12 4.88  -1
0.13 4.87  -1
0.14 4.86  -1
0.15 4.85  -1
0.16 4.84  -1.00001
0.17 4.83  -1.00001
0.18 4.82  -1.00001
0.19 4.81  -1.00001
0.2 4.8  -1.00001
0.21 4.79  -1.00001
0.22 4.78  -1.00001
0.23 4.77  -1.00001
0.24 4.76  -1.00001
0.25 4.75  -1.00001
0.26 4.74  -1.00001
0.27 4.73  -1.00002
0.28 4.72  -1.00002
0.29 4.71  -1.00002
0.3 4.7  -1.00002
0.31 4.69  -1.00002
0.32 4.68  -1.00002
0.33 4.67  -1.00002
0.34 4.66  -1.00002
0.35 4.65  -1.00003
0.36 4.64  -1.00003
0.37 4.63  -1.00003
0.38 4.62  -1.00003
0.39 4.61  -1.00003
0.4 4.6  -1.00003
0.41 4.58999  -1.00004
0.42 4.57999  -1.00004
0.43 4.56999  -1.00004
0.44 4.55999  -1.00004
0.45 4.54999  -1.00004
0.46 4.53999  -1.00005
0.47 4.52999  -1.00005
0.48 4.51999  -1.00005
0.49 4.50999  -1.00005
0.5 4.49999  -1.00006
0.51 4.48999  -1.00006
0.52 4.47999  -1.00006
0.53 4.46999  -1.00006
0.54 4.45999  -1.00007
0.55 4.44999  -1.00007
0.56 4.43999  -1.00007
0.57 4.42999  -1.00007
0.58 4.41999  -1.00008
0.59 4.40998  -1.00008
0.6 4.39998  -1.00008
0.61 4.38998  -1.00009
0.62 4.37998  -1.00009
0.63 4.36998  -1.00009
0.64 4.35998  -1.0001
0.65 4.34998  -1.0001
0.66 4.33998  -1.0001
0.67 4.32998  -1.00011
0.68 4.31998  -1.00011
0.69 4.30997  -1.00011
0.7 4.29997  -1.00012
0.71 4.28997  -1.00012
0.72 4.27997  -1.00012
0.73 4.26997  -1.00013
0.74 4.25997  -1.00013
0.75 4.24997  -1.00014
0.76 4.23997  -1.00014
0.77 4.22996  -1.00015
0.78 4.21996  -1.00015
0.79 4.20996  -1.00015
0.8 4.19996  -1.00016
0.81 4.18996  -1.00016
0.82 4.17996  -1.00017
0.83 4.16995  -1.00017
0.84 4.15995  -1.00018
0.85 4.14995  -1.00018
0.86 4.13995  -1.00019
0.87 4.12995  -1.00019
0.88 4.11995  -1.0002
0.89 4.10994  -1.0002
0.9 4.09994  -1.00021
0.91 4.08994  -1.00022
0.92 4.07994  -1.00022
0.93 4.06993  -1.00023
0.94 4.05993  -1.00023
0.95 4.04993  -1.00024
0.96 4.03993  -1.00025
0.97 4.02992  -1.00025
0.98 4.01992  -1.00026
0.99 4.00992  -1.00026
1 3.99992  -1.00027
1.01 3.98991  -1.00028
1.02 3.97991  -1.00029
1.03 3.96991  -1.00029
1.04 3.95991  -1.0003
1.05 3.9499  -1.00031
1.06 3.9399  -1.00032
1.07 3.9299  -1.00032
1.08 3.91989  -1.00033
1.09 3.90989  -1.00034
1.1 3.89989  -1.00035
1.11 3.88988  -1.00036
1.12 3.87988  -1.00036
1.13 3.86987  -1.00037
1.14 3.85987  -1.00038
1.15 3.84987  -1.00039
1.16 3.83986  -1.0004
1.17 3.82986  -1.00041
1.18 3.81985  -1.00042
1.19 3.80985  -1.00043
1.2 3.79985  -1.00044
1.21 3.78984  -1.00045
1.22 3.77984  -1.00046
1.23 3.76983  -1.00047
1.24 3.75983  -1.00048
1.25 3.74982  -1.00049
1.26 3.73982  -1.0005
1.27 3.72981  -1.00051
1.28 3.71981  -1.00053
1.29 3.7098  -1.00054
1.3 3.6998  -1.00055
1.31 3.68979  -1.00056
1.32 3.67978  -1.00057
1.33 3.66978  -1.00059
1.34 3.65977  -1.0006
1.35 3.64977  -1.00061
1.36 3.63976  -1.00063
1.37 3.62975  -1.00064
1.38 3.61975  -1.00066
1.39 3.60974  -1.00067
1.4 3.59973  -1.00068
1.41 3.58973  -1.0007
1.42 3.57972  -1.00071
1.43 3.56971  -1.00073
1.44 3.55971  -1.00075
1.45 3.5497  -1.00076
1.46 3.53969  -1.00078
1.47 3.52968  -1.0008
1.48 3.51967  -1.00081
1.49 3.50967  -1.00083
1.5 3.49966  -1.00085
1.51 3.48965  -1.00087
1.52 3.47964  -1.00089
1.53 3.46963  -1.00091
1.54 3.45962  -1.00093
1.55 3.44961  -1.00095
1.56 3.4396  -1.00097
1.57 3.42959  -1.00099
1.58 3.41958  -1.00101
1.59 3.40957  -1.00103
1.6 3.39956  -1.00105
1.61 3.38955  -1.00107
1.62 3.37954  -1.0011
1.63 3.36953  -1.00112
1.64 3.35952  -1.00115
1.65 3.34951  -1.00117
1.66 3.33949  -1.00119
1.67 3.32948  -1.00122
1.68 3.31947  -1.00125
1.69 3.30946  -1.00127
1.7 3.29944  -1.0013
1.71 3.28943  -1.00133
1.72 3.27942  -1.00136
1.73 3.2694  -1.00139
1.74 3.25939  -1.00142
1.75 3.24937  -1.00145
1.76 3.23936  -1.00148
1.77 3.22934  -1.00151
1.78 3.21933  -1.00154
1.79 3.20931  -1.00158
1.8 3.1993  -1.00161
1.81 3.18928  -1.00164
1.82 3.17926  -1.00168
1.83 3.16925  -1.00172
1.84 3.15923  -1.00175
1.85 3.14921  -1.00179
1.86 3.13919  -1.00183
1.87 3.12917  -1.00187
1.88 3.11915  -1.00191
1.89 3.10913  -1.00195
1.9 3.09911  -1.00199
1.91 3.08909  -1.00204
1.92 3.07907  -1.00208
1.93 3.06905  -1.00213
1.94 3.05903  -1.00218
1.95 3.04901  -1.00222
1.96 3.03899  -1.00227
1.97 3.02896  -1.00232
1.98 3.01894  -1.00237
1.99 3.00891  -1.00242
2 2.99889  -1.00248
2.01 2.98886  -1.00253
2.02 2.97884  -1.00259
2.03 2.96881  -1.00265
2.04 2.95878  -1.00271
2.05 2.94876  -1.00277
2.06 2.93873  -1.00283
2.07 2.9287  -1.00289
2.08 2.91867  -1.00296
2.09 2.90864  -1.00302
2.1 2.89861  -1.00309
2.11 2.88858  -1.00316
2.12 2.87855  -1.00323
2.13 2.86851  -1.0033
2.14 2.85848  -1.00338
2.15 2.84844  -1.00345
2.16 2.83841  -1.00353
2.17 2.82837  -1.00361
2.18 2.81834  -1.0037
2.19 2.8083  -1.00378
2.2 2.79826  -1.00387
2.21 2.78822  -1.00396
2.22 2.77818  -1.00405
2.23 2.76814  -1.00414
2.24 2.7581  -1.00424
2.25 2.74805  -1.00434
2.26 2.73801  -1.00444
2.27 2.72796  -1.00454
2.28 2.71792  -1.00465
2.29 2.70787  -1.00476
2.3 2.69782  -1.00487
2.31 2.68777  -1.00498
2.32 2.67772  -1.0051
2.33 2.66767  -1.00522
2.34 2.65761  -1.00535
2.35 2.64756  -1.00547
2.36 2.6375  -1.00561
2.37 2.62744  -1.00574
2.38 2.61739  -1.00588
2.39 2.60733  -1.00602
2.4 2.59726  -1.00617
2.41 2.5872  -1.00632
2.42 2.57714  -1.00647
2.43 2.56707  -1.00663
2.44 2.557  -1.00679
2.45 2.54693  -1.00696
2.46 2.53686  -1.00713
2.47 2.52679  -1.00731
2.48 2.51671  -1.00749
2.49 2.50664  -1.00768
2.5 2.49656  -1.00787
2.51 2.48648  -1.00807
2.52 2.47639  -1.00827
2.53 2.46631  -1.00848
2.54 2.45622  -1.00869
2.55 2.44613  -1.00891
2.56 2.43604  -1.00914
2.57 2.42595  -1.00938
2.58 2.41585  -1.00962
2.59 2.40575  -1.00987
2.6 2.39565  -1.01012
2.61 2.38555  -1.01039
2.62 2.37544  -1.01066
2.63 2.36533  -1.01094
2.64 2.35522  -1.01123
2.65 2.3451  -1.01152
2.66 2.33499  -1.01183
2.67 2.32487  -1.01214
2.68 2.31474  -1.01247
2.69 2.30461  -1.0128
2.7 2.29448  -1.01315
2.71 2.28435  -1.0135
2.72 2.27421  -1.01387
2.73 2.26406  -1.01425
2.74 2.25392  -1.01464
2.75 2.24377  -1.01504
2.76 2.23361  -1.01546
2.77 2.22345  -1.01589
2.78 2.21329  -1.01633
2.79 2.20312  -1.01679
2.8 2.19295  -1.01726
2.81 2.18277  -1.01775
2.82 2.17259  -1.01825
2.83 2.1624  -1.01877
2.84 2.15221  -1.01931
2.85 2.14201  -1.01986
2.86 2.13181  -1.02044
2.87 2.1216  -1.02103
2.88 2.11138  -1.02164
2.89 2.10116  -1.02228
2.9 2.09093  -1.02293
2.91 2.08069  -1.02361
2.92 2.07045  -1.02431
2.93 2.0602  -1.02504
2.94 2.04994  -1.02579
2.95 2.03967  -1.02657
2.96 2.0294  -1.02738
2.97 2.01912  -1.02821
2.98 2.00883  -1.02907
2.99 1.99853  -1.02997
3 1.98822  -1.0309
3.01 1.9779  -1.03186
3.02 1.96757  -1.03285
3.03 1.95723  -1.03389
3.04 1.94688  -1.03496
3.05 1.93652  -1.03607
3.06 1.92615  -1.03722
3.07 1.91577  -1.03842
3.08 1.90537  -1.03966
3.09 1.89496  -1.04095
3.1 1.88454  -1.04229
3.11 1.8741  -1.04368
3.12 1.86365  -1.04512
3.13 1.85318  -1.04662
3.14 1.8427  -1.04818
3.15 1.8322  -1.0498
3.16 1.82169  -1.05149
3.17 1.81116  -1.05324
3.18 1.80061  -1.05506
3.19 1.79004  -1.05696
3.2 1.77945  -1.05894
3.21 1.76884  -1.06099
3.22 1.75821  -1.06314
3.23 1.74755  -1.06537
3.24 1.73688  -1.06769
3.25 1.72617  -1.07012
3.26 1.71545  -1.07265
3.27 1.70469  -1.07528
3.28 1.69391  -1.07804
3.29 1.68311  -1.08091
3.3 1.67227  -1.08391
3.31 1.6614  -1.08704
3.32 1.65049  -1.09031
3.33 1.63956  -1.09373
3.34 1.62858  -1.0973
3.35 1.61757  -1.10104
3.36 1.60652  -1.10495
3.37 1.59543  -1.10904
3.38 1.5843  -1.11333
3.39 1.57312  -1.11781
3.4 1.5619  -1.12251
3.41 1.55062  -1.12744
3.42 1.5393  -1.13261
3.43 1.52792  -1.13803
3.44 1.51648  -1.14371
3.45 1.50498  -1.14969
3.46 1.49342  -1.15596
3.47 1.4818  -1.16255
3.48 1.4701  -1.16947
3.49 1.45833  -1.17676
3.5 1.44649  -1.18442
3.51 1.43456  -1.19249
3.52 1.42255  -1.20099
3.53 1.41046  -1.20994
3.54 1.39826  -1.21937
3.55 1.38597  -1.22932
3.56 1.37357  -1.23981
3.57 1.36106  -1.25088
3.58 1.34844  -1.26257
3.59 1.33569  -1.27491
3.6 1.32281  -1.28795
3.61 1.30979  -1.30172
3.62 1.29663  -1.31627
3.63 1.28331  -1.33165
3.64 1.26983  -1.34789
3.65 1.25618  -1.36506
3.66 1.24235  -1.38318
3.67 1.22833  -1.40231
3.68 1.2141  -1.42247
3.69 1.19966  -1.44369
3.7 1.185  -1.46599
3.71 1.17011  -1.48936
3.72 1.15497  -1.51375
3.73 1.13958  -1.53908
3.74 1.12393  -1.5652
3.75 1.10801  -1.59189
3.76 1.09182  -1.61879
3.77 1.07537  -1.64537
3.78 1.05866  -1.67087
3.79 1.04172  -1.6942
3.8 1.02458  -1.7138
3.81 1.00731  -1.72753
3.82 0.989982  -1.7324
3.83 0.972738  -1.72438
3.84 0.955757  -1.69811
3.85 0.93929  -1.64673
3.86 0.923671  -1.56188
3.87 0.909329  -1.43421
3.88 0.896781  -1.25476
3.89 0.886607  -1.01742
3.9 0.879383  -0.72239
3.91 0.875589  -0.379401
3.92 0.875503  -0.00858841
3.93 0.879132  0.362877
3.94 0.886209  0.707648
3.95 0.89626  1.00517
3.96 0.908712  1.24521
3.97 0.922984  1.4272
3.98 0.938555  1.55705
3.99 0.954991  1.64365
4 0.971955  1.69637
4.01 0.989191  1.72363
4.02 1.00651  1.73235
4.03 1.02379  1.72797
4.04 1.04094  1.71457
4.05 1.05789  1.69519
4.06 1.07461  1.67199
4.07 1.09108  1.64657
4.08 1.10728  1.62002
4.09 1.12321  1.59312
4.1 1.13887  1.56641
4.11 1.15428  1.54026
4.12 1.16942  1.51488
4.13 1.18433  1.49045
4.14 1.199  1.46704
4.15 1.21345  1.44469
4.16 1.22768  1.42342
4.17 1.24171  1.40321
4.18 1.25555  1.38403
4.19 1.26921  1.36586
4.2 1.2827  1.34866
4.21 1.29602  1.33237
4.22 1.30919  1.31695
4.23 1.32222  1.30237
4.24 1.3351  1.28856
4.25 1.34786  1.27549
4.26 1.36049  1.26312
4.27 1.373  1.2514
4.28 1.3854  1.2403
4.29 1.3977  1.22979
4.3 1.4099  1.21982
4.31 1.422  1.21036
4.32 1.43402  1.20139
4.33 1.44595  1.19287
4.34 1.45779  1.18478
4.35 1.46957  1.1771
4.36 1.48126  1.1698
4.37 1.49289  1.16286
4.38 1.50445  1.15625
4.39 1.51595  1.14997
4.4 1.52739  1.14398
4.41 1.53878  1.13828
4.42 1.55011  1.13285
4.43 1.56138  1.12767
4.44 1.57261  1.12273
4.45 1.58379  1.11802
4.46 1.59492  1.11353
4.47 1.60602  1.10923
4.48 1.61707  1.10513
4.49 1.62808  1.10121
4.5 1.63905  1.09747
4.51 1.64999  1.09389
4.52 1.6609  1.09046
4.53 1.67177  1.08718
4.54 1.68261  1.08405
4.55 1.69342  1.08104
4.56 1.7042  1.07816
4.57 1.71496  1.07541
4.58 1.72568  1.07277
4.59 1.73639  1.07023
4.6 1.74706  1.0678
4.61 1.75772  1.06547
4.62 1.76835  1.06324
4.63 1.77896  1.06109
4.64 1.78955  1.05903
4.65 1.80012  1.05705
4.66 1.81068  1.05515
4.67 1.82121  1.05332
4.68 1.83172  1.05156
4.69 1.84222  1.04988
4.7 1.85271  1.04825
4.71 1.86317  1.04669
4.72 1.87362  1.04519
4.73 1.88406  1.04374
4.74 1.89448  1.04235
4.75 1.9049  1.04101
4.76 1.91529  1.03972
4.77 1.92568  1.03847
4.78 1.93605  1.03728
4.79 1.94641  1.03612
4.8 1.95676  1.03501
4.81 1.9671  1.03394
4.82 1.97743  1.0329
4.83 1.98775  1.0319
4.84 1.99806  1.03094
4.85 2.00836  1.03001
4.86 2.01865  1.02911
4.87 2.02893  1.02825
4.88 2.03921  1.02741
4.89 2.04947  1.02661
4.9 2.05973  1.02583
4.91 2.06998  1.02507
4.92 2.08022  1.02435
4.93 2.09046  1.02364
4.94 2.10069  1.02296
4.95 2.11091  1.02231
4.96 2.12113  1.02167
4.97 2.13134  1.02106
4.98 2.14155  1.02046
4.99 2.15174  1.01989
5 2.16194  1.01933
5.01 2.17213  1.01879
5.02 2.18231  1.01827
5.03 2.19249  1.01777
5.04 2.20266  1.01728
5.05 2.21283  1.01681
5.06 2.22299  1.01635
5.07 2.23315  1.01591
5.08 2.2433  1.01548
5.09 2.25345  1.01506
5.1 2.2636  1.01466
5.11 2.27374  1.01427
5.12 2.28388  1.01389
5.13 2.29402  1.01352
5.14 2.30415  1.01316
5.15 2.31428  1.01282
5.16 2.3244  1.01248
5.17 2.33452  1.01216
5.18 2.34464  1.01184
5.19 2.35476  1.01154
5.2 2.36487  1.01124
5.21 2.37498  1.01095
5.22 2.38509  1.01067
5.23 2.39519  1.0104
5.24 2.40529  1.01013
5.25 2.41539  1.00988
5.26 2.42549  1.00963
5.27 2.43558  1.00939
5.28 2.44567  1.00915
5.29 2.45576  1.00892
5.3 2.46585  1.0087
5.31 2.47593  1.00849
5.32 2.48602  1.00828
5.33 2.4961  1.00807
5.34 2.50618  1.00788
5.35 2.51625  1.00768
5.36 2.52633  1.0075
5.37 2.5364  1.00732
5.38 2.54647  1.00714
5.39 2.55654  1.00697
5.4 2.56661  1.0068
5.41 2.57668  1.00664
5.42 2.58674  1.00648
5.43 2.5968  1.00632
5.44 2.60687  1.00617
5.45 2.61693  1.00603
5.46 2.62699  1.00589
5.47 2.63704  1.00575
5.48 2.6471  1.00561
5.49 2.65715  1.00548
5.5 2.66721  1.00535
5.51 2.67726  1.00523
5.52 2.68731  1.00511
5.53 2.69736  1.00499
5.54 2.70741  1.00487
5.55 2.71746  1.00476
5.56 2.7275  1.00465
5.57 2.73755  1.00455
5.58 2.74759  1.00444
5.59 2.75764  1.00434
5.6 2.76768  1.00424
5.61 2.77772  1.00415
5.62 2.78776  1.00405
5.63 2.7978  1.00396
5.64 2.80784  1.00387
5.65 2.81788  1.00378
5.66 2.82791  1.0037
5.67 2.83795  1.00362
5.68 2.84799  1.00354
5.69 2.85802  1.00346
5.7 2.86805  1.00338
5.71 2.87809  1.00331
5.72 2.88812  1.00323
5.73 2.89815  1.00316
5.74 2.90818  1.00309
5.75 2.91821  1.00302
5.76 2.92824  1.00296
5.77 2.93827  1.00289
5.78 2.9483  1.00283
5.79 2.95833  1.00277
5.8 2.96835  1.00271
5.81 2.97838  1.00265
5.82 2.98841  1.00259
5.83 2.99843  1.00254
5.84 3.00846  1.00248
5.85 3.01848  1.00243
5.86 3.0285  1.00237
5.87 3.03853  1.00232
5.88 3.04855  1.00227
5.89 3.05857  1.00222
5.9 3.06859  1.00218
5.91 3.07862  1.00213
5.92 3.08864  1.00208
5.93 3.09866  1.00204
5.94 3.10868  1.002
5.95 3.1187  1.00195
5.96 3.12872  1.00191
5.97 3.13873  1.00187
5.98 3.14875  1.00183
5.99 3.15877  1.00179
6 3.16879  1.00176
6.01 3.17881  1.00172
6.02 3.18882  1.00168
6.03 3.19884  1.00165
6.04 3.20885  1.00161
6.05 3.21887  1.00158
6.06 3.22889  1.00154
6.07 3.2389  1.00151
6.08 3.24892  1.00148
6.09 3.25893  1.00145
6.1 3.26894  1.00142
6.11 3.27896  1.00139
6.12 3.28897  1.00136
6.13 3.29899  1.00133
6.14 3.309  1.0013
6.15 3.31901  1.00127
6.16 3.32902  1.00125
6.17 3.33904  1.00122
6.18 3.34905  1.0012
6.19 3.35906  1.00117
6.2 3.36907  1.00115
6.21 3.37908  1.00112
6.22 3.38909  1.0011
6.23 3.3991  1.00108
6.24 3.40911  1.00105
6.25 3.41912  1.00103
6.26 3.42913  1.00101
6.27 3.43914  1.00099
6.28 3.44915  1.00097
6.29 3.45916  1.00095
6.3 3.46917  1.00093
6.31 3.47918  1.00091
6.32 3.48919  1.00089
6.33 3.4992  1.00087
6.34 3.50921  1.00085
6.35 3.51922  1.00083
6.36 3.52922  1.00081
6.37 3.53923  1.0008
6.38 3.54924  1.00078
6.39 3.55925  1.00076
6.4 3.56926  1.00075
6.41 3.57926  1.00073
6.42 3.58927  1.00072
6.43 3.59928  1.0007
6.44 3.60928  1.00069
6.45 3.61929  1.00067
6.46 3.6293  1.00066
6.47 3.6393  1.00064
6.48 3.64931  1.00063
6.49 3.65932  1.00061
6.5 3.66932  1.0006
6.51 3.67933  1.00059
6.52 3.68933  1.00057
6.53 3.69934  1.00056
6.54 3.70934  1.00055
6.55 3.71935  1.00054
6.56 3.72936  1.00053
6.57 3.73936  1.00051
6.58 3.74937  1.0005
6.59 3.75937  1.00049
6.6 3.76938  1.00048
6.61 3.77938  1.00047
6.62 3.78938  1.00046
6.63 3.79939  1.00045
6.64 3.80939  1.00044
6.65 3.8194  1.00043
6.66 3.8294  1.00042
6.67 3.83941  1.00041
6.68 3.84941  1.0004
6.69 3.85941  1.00039
6.7 3.86942  1.00038
6.71 3.87942  1.00037
6.72 3.88943  1.00036
6.73 3.89943  1.00036
6.74 3.90943  1.00035
6.75 3.91944  1.00034
6.76 3.92944  1.00033
6.77 3.93944  1.00032
6.78 3.94945  1.00032
6.79 3.95945  1.00031
6.8 3.96945  1.0003
6.81 3.97945  1.00029
6.82 3.98946  1.00029
6.83 3.99946  1.00028
6.84 4.00946  1.00027
6.85 4.01947  1.00027
6.86 4.02947  1.00026
6.87 4.03947  1.00025
6.88 4.04947  1.00025
6.89 4.05948  1.00024
6.9 4.06948  1.00023
6.91 4.07948  1.00023
6.92 4.08948  1.00022
6.93 4.09948  1.00022
6.94 4.10949  1.00021
6.95 4.11949  1.0002
6.96 4.12949  1.0002
6.97 4.13949  1.00019
6.98 4.14949  1.00019
6.99 4.1595  1.00018
7 4.1695  1.00018
7.01 4.1795  1.00017
7.02 4.1895  1.00017
7.03 4.1995  1.00016
7.04 4.2095  1.00016
7.05 4.21951  1.00015
7.06 4.22951  1.00015
7.07 4.23951  1.00015
7.08 4.24951  1.00014
7.09 4.25951  1.00014
7.1 4.26951  1.00013
7.11 4.27951  1.00013
7.12 4.28952  1.00012
7.13 4.29952  1.00012
7.14 4.30952  1.00012
7.15 4.31952  1.00011
7.16 4.32952  1.00011
7.17 4.33952  1.00011
7.18 4.34952  1.0001
7.19 4.35952  1.0001
7.2 4.36952  1.0001
7.21 4.37953  1.00009
7.22 4.38953  1.00009
7.23 4.39953  1.00009
7.24 4.40953  1.00008
7.25 4.41953  1.00008
7.26 4.42953  1.00008
7.27 4.43953  1.00007
7.28 4.44953  1.00007
7.29 4.45953  1.00007
7.3 4.46953  1.00007
7.31 4.47953  1.00006
7.32 4.48953  1.00006
7.33 4.49953  1.00006
7.34 4.50953  1.00006
7.35 4.51953  1.00005
7.36 4.52954  1.00005
7.37 4.53954  1.00005
7.38 4.54954  1.00005
7.39 4.55954  1.00004
7.4 4.56954  1.00004
7.41 4.57954  1.00004
7.42 4.58954  1.00004
7.43 4.59954  1.00004
7.44 4.60954  1.00003
7.45 4.61954  1.00003
7.46 4.62954  1.00003
7.47 4.63954  1.00003
7.48 4.64954  1.00003
7.49 4.65954  1.00003
7.5 4.66954  1.00002
7.51 4.67954  1.00002
7.52 4.68954  1.00002
7.53 4.69954  1.00002
7.54 4.70954  1.00002
7.55 4.71954  1.00002
7.56 4.72954  1.00002
7.57 4.73954  1.00002
7.58 4.74954  1.00001
7.59 4.75954  1.00001
7.6 4.76954  1.00001
7.61 4.77954  1.00001
7.62 4.78954  1.00001
7.63 4.79954  1.00001
7.64 4.80954  1.00001
7.65 4.81954  1.00001
7.66 4.82954  1.00001
7.67 4.83954  1.00001
7.68 4.84954  1.00001
7.69 4.85954  1
7.7 4.86954  1
7.71 4.87954  1
7.72 4.88954  1
7.73 4.89954  1
7.74 4.90954  1
7.75 4.91954  1
7.76 4.92954  1
7.77 4.93954  1
7.78 4.94954  1
7.79 4.95954  1
7.8 4.96954  1
7.81 4.97954  1
7.82 4.98954  1
7.83 4.99954  1
7.84 5.00954  1
7.85 5.01954  1
7.86 5.02954  1
7.87 5.03954  1
7.88 5.04954  1
7.89 5.05954  1
7.9 5.06954  1
7.91 5.07954  1
7.92 5.08954  1
7.93 5.09954  1
7.94 5.10954  1
7.95 5.11954  1
7.96 5.12954  1
7.97 5.13954  1
7.98 5.14954  1
7.99 5.15954  1.00001
8 5.16954  1.00001
8.01 5.17954  1.00001
8.02 5.18954  1.00001
8.03 5.19954  1.00001
8.04 5.20954  1.00001
8.05 5.21954  1.00001
8.06 5.22954  1.00001
8.07 5.23954  1.00001
8.08 5.24954  1.00001
8.09 5.25954  1.00001
8.1 5.26954  1.00002
8.11 5.27954  1.00002
8.12 5.28954  1.00002
8.13 5.29955  1.00002
8.14 5.30955  1.00002
8.15 5.31955  1.00002
8.16 5.32955  1.00002
8.17 5.33955  1.00002
8.18 5.34955  1.00003
8.19 5.35955  1.00003
8.2 5.36955  1.00003
8.21 5.37955  1.00003
8.22 5.38955  1.00003
8.23 5.39955  1.00003
8.24 5.40955  1.00004
8.25 5.41955  1.00004
8.26 5.42955  1.00004
8.27 5.43955  1.00004
8.28 5.44955  1.00004
8.29 5.45955  1.00005
8.3 5.46955  1.00005
8.31 5.47955  1.00005
8.32 5.48955  1.00005
8.33 5.49955  1.00006
8.34 5.50955  1.00006
8.35 5.51955  1.00006
8.36 5.52955  1.00006
8.37 5.53955  1.00007
8.38 5.54956  1.00007
8.39 5.55956  1.00007
8.4 5.56956  1.00007
8.41 5.57956  1.00008
8.42 5.58956  1.00008
8.43 5.59956  1.00008
8.44 5.60956  1.00009
8.45 5.61956  1.00009
8.46 5.62956  1.00009
8.47 5.63956  1.0001
8.48 5.64956  1.0001
8.49 5.65957  1.0001
8.5 5.66957  1.00011
8.51 5.67957  1.00011
8.52 5.68957  1.00011
8.53 5.69957  1.00012
8.54 5.70957  1.00012
8.55 5.71957  1.00012
8.56 5.72957  1.00013
8.57 5.73957  1.00013
8.58 5.74958  1.00014
8.59 5.75958  1.00014
8.6 5.76958  1.00014
8.61 5.77958  1.00015
8.62 5.78958  1.00015
8.63 5.79958  1.00016
8.64 5.80958  1.00016
8.65 5.81959  1.00017
8.66 5.82959  1.00017
8.67 5.83959  1.00018
8.68 5.84959  1.00018
8.69 5.85959  1.00019
8.7 5.8696  1.00019
8.71 5.8796  1.0002
8.72 5.8896  1.0002
8.73 5.8996  1.00021
8.74 5.9096  1.00022
8.75 5.91961  1.00022
8.76 5.92961  1.00023
8.77 5.93961  1.00023
8.78 5.94961  1.00024
8.79 5.95962  1.00025
8.8 5.96962  1.00025
8.81 5.97962  1.00026
8.82 5.98962  1.00026
8.83 5.99963  1.00027
8.84 6.00963  1.00028
8.85 6.01963  1.00029
8.86 6.02963  1.00029
8.87 6.03964  1.0003
8.88 6.04964  1.00031
8.89 6.05964  1.00031
8.9 6.06965  1.00032
8.91 6.07965  1.00033
8.92 6.08965  1.00034
8.93 6.09966  1.00035
8.94 6.10966  1.00035
8.95 6.11966  1.00036
8.96 6.12967  1.00037
8.97 6.13967  1.00038
8.98 6.14968  1.00039
8.99 6.15968  1.0004
9 6.16968  1.00041
9.01 6.17969  1.00042
9.02 6.18969  1.00043
9.03 6.1997  1.00044
9.04 6.2097  1.00045
9.05 6.21971  1.00046
9.06 6.22971  1.00047
9.07 6.23972  1.00048
9.08 6.24972  1.00049
9.09 6.25973  1.0005
9.1 6.26973  1.00051
9.11 6.27974  1.00052
9.12 6.28974  1.00054
9.13 6.29975  1.00055
9.14 6.30975  1.00056
9.15 6.31976  1.00057
9.16 6.32976  1.00059
9.17 6.33977  1.0006
9.18 6.34978  1.00061
9.19 6.35978  1.00063
9.2 6.36979  1.00064
9.21 6.3798  1.00065
9.22 6.3898  1.00067
9.23 6.39981  1.00068
9.24 6.40982  1.0007
9.25 6.41982  1.00071
9.26 6.42983  1.00073
9.27 6.43984  1.00075
9.28 6.44985  1.00076
9.29 6.45985  1.00078
9.3 6.46986  1.0008
9.31 6.47987  1.00081
9.32 6.48988  1.00083
9.33 6.49989  1.00085
9.34 6.50989  1.00087
9.35 6.5199  1.00089
9.36 6.52991  1.0009
9.37 6.53992  1.00092
9.38 6.54993  1.00094
9.39 6.55994  1.00096
9.4 6.56995  1.00099
9.41 6.57996  1.00101
9.42 6.58997  1.00103
9.43 6.59998  1.00105
9.44 6.60999  1.00107
9.45 6.62  1.0011
9.46 6.63001  1.00112
9.47 6.64003  1.00114
9.48 6.65004  1.00117
9.49 6.66005  1.00119
9.5 6.67006  1.00122
9.51 6.68007  1.00125
9.52 6.69009  1.00127
9.53 6.7001  1.0013
9.54 6.71011  1.00133
9.55 6.72013  1.00136
9.56 6.73014  1.00139
9.57 6.74015  1.00142
9.58 6.75017  1.00145
9.59 6.76018  1.00148
9.6 6.7702  1.00151
9.61 6.78021  1.00154
9.62 6.79023  1.00157
9.63 6.80025  1.00161
9.64 6.81026  1.00164
9.65 6.82028  1.00168
9.66 6.8303  1.00171
9.67 6.84031  1.00175
9.68 6.85033  1.00179
9.69 6.86035  1.00183
9.7 6.87037  1.00187
9.71 6.88039  1.00191
9.72 6.89041  1.00195
9.73 6.90043  1.00199
9.74 6.91045  1.00204
9.75 6.92047  1.00208
9.76 6.93049  1.00213
9.77 6.94051  1.00217
9.78 6.95053  1.00222
9.79 6.96056  1.00227
9.8 6.97058  1.00232
9.81 6.9806  1.00237
9.82 6.99063  1.00242
9.83 7.00065  1.00248
9.84 7.01068  1.00253
9.85 7.0207  1.00259
9.86 7.03073  1.00264
9.87 7.04076  1.0027
9.88 7.05078  1.00276
9.89 7.06081  1.00282
9.9 7.07084  1.00289
9.91 7.08087  1.00295
9.92 7.0909  1.00302
9.93 7.10093  1.00309
9.94 7.11096  1.00316
9.95 7.121  1.00323
9.96 7.13103  1.0033
9.97 7.14106  1.00337
9.98 7.1511  1.00345
9.99 7.16113  1.00353
10 7.17117  1.00361
10.01 7.18121  1.00369
10.02 7.19124  1.00378
10.03 7.20128  1.00386
10.04 7.21132  1.00395
10.05 7.22136  1.00404
10.06 7.2314  1.00414
10.07 7.24145  1.00423
10.08 7.25149  1.00433
10.09 7.26153  1.00443
10.1 7.27158  1.00454
10.11 7.28163  1.00464
10.12 7.29167  1.00475
10.13 7.30172  1.00486
10.14 7.31177  1.00498
10.15 7.32182  1.0051
10.16 7.33187  1.00522
10.17 7.34193  1.00534
10.18 7.35198  1.00547
10.19 7.36204  1.0056
10.2 7.3721  1.00573
10.21 7.38215  1.00587
10.22 7.39221  1.00601
10.23 7.40228  1.00616
10.24 7.41234  1.00631
10.25 7.4224  1.00646
10.26 7.43247  1.00662
10.27 7.44254  1.00678
10.28 7.45261  1.00695
10.29 7.46268  1.00712
10.3 7.47275  1.0073
10.31 7.48283  1.00748
10.32 7.4929  1.00767
10.33 7.50298  1.00786
10.34 7.51306  1.00806
10.35 7.52314  1.00826
10.36 7.53323  1.00847
10.37 7.54332  1.00868
10.38 7.55341  1.0089
10.39 7.5635  1.00913
10.4 7.57359  1.00937
10.41 7.58369  1.00961
10.42 7.59379  1.00986
10.43 7.60389  1.01011
10.44 7.61399  1.01037
10.45 7.6241  1.01065
10.46 7.63421  1.01092
10.47 7.64432  1.01121
10.48 7.65443  1.01151
10.49 7.66455  1.01181
10.5 7.67467  1.01213
10.51 7.6848  1.01245
10.52 7.69492  1.01279
10.53 7.70506  1.01313
10.54 7.71519  1.01349
10.55 7.72533  1.01385
10.56 7.73547  1.01423
10.57 7.74562  1.01462
10.58 7.75577  1.01502
10.59 7.76592  1.01544
10.6 7.77608  1.01587
10.61 7.78624  1.01631
10.62 7.79641  1.01677
10.63 7.80658  1.01724
10.64 7.81676  1.01772
10.65 7.82694  1.01823
10.66 7.83713  1.01875
10.67 7.84732  1.01928
10.68 7.85752  1.01984
10.69 7.86773  1.02041
10.7 7.87794  1.021
10.71 7.88815  1.02162
10.72 7.89838  1.02225
10.73 7.9086  1.0229
10.74 7.91884  1.02358
10.75 7.92908  1.02428
10.76 7.93933  1.02501
10.77 7.94959  1.02576
10.78 7.95986  1.02653
10.79 7.97013  1.02734
10.8 7.98041  1.02817
10.81 7.9907  1.02903
10.82 8.001  1.02993
10.83 8.01131  1.03085
10.84 8.02163  1.03181
10.85 8.03196  1.03281
10.86 8.04229  1.03384
10.87 8.05264  1.03491
10.88 8.063  1.03602
10.89 8.07337  1.03717
10.9 8.08376  1.03836
10.91 8.09415  1.0396
10.92 8.10456  1.04089
10.93 8.11499  1.04222
10.94 8.12542  1.04361
10.95 8.13587  1.04505
10.96 8.14634  1.04655
10.97 8.15682  1.04811
10.98 8.16732  1.04972
10.99 8.17783  1.05141
11 8.18836  1.05316
11.01 8.19891  1.05498
11.02 8.20948  1.05687
11.03 8.22007  1.05884
11.04 8.23068  1.0609
11.05 8.24131  1.06304
11.06 8.25196  1.06526
11.07 8.26264  1.06759
11.08 8.27334  1.07001
11.09 8.28406  1.07253
11.1 8.29481  1.07516
11.11 8.30559  1.07791
11.12 8.3164  1.08077
11.13 8.32724  1.08377
11.14 8.33811  1.08689
11.15 8.34901  1.09016
11.16 8.35994  1.09357
11.17 8.37092  1.09713
11.18 8.38192  1.10086
11.19 8.39297  1.10477
11.2 8.40406  1.10885
11.21 8.41519  1.11312
11.22 8.42637  1.1176
11.23 8.43759  1.12229
11.24 8.44886  1.12721
11.25 8.46019  1.13237
11.26 8.47156  1.13777
11.27 8.483  1.14345
11.28 8.49449  1.14941
11.29 8.50605  1.15566
11.3 8.51767  1.16224
11.31 8.52936  1.16915
11.32 8.54113  1.17642
11.33 8.55297  1.18407
11.34 8.56489  1.19212
11.35 8.57689  1.20059
11.36 8.58899  1.20952
11.37 8.60118  1.21893
11.38 8.61347  1.22885
11.39 8.62586  1.23932
11.4 8.63836  1.25036
11.41 8.65098  1.26202
11.42 8.66373  1.27433
11.43 8.6766  1.28734
11.44 8.68961  1.30107
11.45 8.70277  1.31559
11.46 8.71608  1.33093
11.47 8.72955  1.34713
11.48 8.74319  1.36425
11.49 8.75701  1.38233
11.5 8.77103  1.40141
11.51 8.78524  1.42153
11.52 8.79967  1.4427
11.53 8.81432  1.46495
11.54 8.8292  1.48827
11.55 8.84433  1.51261
11.56 8.85971  1.5379
11.57 8.87535  1.564
11.58 8.89125  1.59067
11.59 8.90743  1.61757
11.6 8.92387  1.64418
11.61 8.94057  1.66974
11.62 8.9575  1.6932
11.63 8.97463  1.71301
11.64 8.9919  1.72707
11.65 9.00923  1.73242
11.66 9.02648  1.7251
11.67 9.04348  1.6998
11.68 9.05997  1.64974
11.69 9.07564  1.56661
11.7 9.09005  1.44111
11.71 9.10269  1.2642
11.72 9.11299  1.02956
11.73 9.12036  0.737029
11.74 9.12432  0.395866
11.75 9.12457  0.0257638
11.76 9.12111  -0.346295
11.77 9.11418  -0.692806
11.78 9.10426  -0.992789
11.79 9.0919  -1.23553
11.8 9.0777  -1.42009
11.81 9.06218  -1.55213
11.82 9.04577  -1.6405
11.83 9.02883  -1.69458
11.84 9.0116  -1.72283
11.85 8.99428  -1.73227
11.86 8.97699  -1.72839
11.87 8.95984  -1.71534
11.88 8.94288  -1.69617
11.89 8.92615  -1.67311
11.9 8.90967  -1.64776
11.91 8.89346  -1.62124
11.92 8.87751  -1.59435
11.93 8.86184  -1.56762
11.94 8.84642  -1.54143
11.95 8.83126  -1.51602
11.96 8.81635  -1.49154
11.97 8.80167  -1.46808
11.98 8.78721  -1.44569
11.99 8.77297  -1.42437
12 8.75892  -1.40411
12.01 8.74508  -1.38489
12.02 8.73141  -1.36667
12.03 8.71791  -1.34942
12.04 8.70458  -1.33309
12.05 8.69141  -1.31764
12.06 8.67838  -1.30301
12.07 8.66548  -1.28917
12.08 8.65272  -1.27607
12.09 8.64009  -1.26367
12.1 8.62757  -1.25192
12.11 8.61516  -1.2408
12.12 8.60286  -1.23026
12.13 8.59066  -1.22026
12.14 8.57855  -1.21078
12.15 8.56653  -1.20179
12.16 8.5546  -1.19325
12.17 8.54275  -1.18514
12.18 8.53097  -1.17744
12.19 8.51927  -1.17013
12.2 8.50764  -1.16317
12.21 8.49607  -1.15655
12.22 8.48457  -1.15025
12.23 8.47313  -1.14425
12.24 8.46174  -1.13854
12.25 8.45041  -1.13309
12.26 8.43913  -1.1279
12.27 8.4279  -1.12295
12.28 8.41672  -1.11823
12.29 8.40558  -1.11373
12.3 8.39449  -1.10942
12.31 8.38344  -1.10532
12.32 8.37242  -1.10139
12.33 8.36145  -1.09764
12.34 8.35051  -1.09405
12.35 8.3396  -1.09061
12.36 8.32873  -1.08733
12.37 8.31788  -1.08419
12.38 8.30707  -1.08118
12.39 8.29629  -1.07829
12.4 8.28553  -1.07553
12.41 8.2748  -1.07288
12.42 8.2641  -1.07035
12.43 8.25342  -1.06791
12.44 8.24277  -1.06558
12.45 8.23213  -1.06334
12.46 8.22152  -1.06119
12.47 8.21093  -1.05912
12.48 8.20036  -1.05714
12.49 8.18981  -1.05523
12.5 8.17927  -1.0534
12.51 8.16876  -1.05164
12.52 8.15826  -1.04995
12.53 8.14777  -1.04832
12.54 8.13731  -1.04676
12.55 8.12685  -1.04525
12.56 8.11642  -1.04381
12.57 8.10599  -1.04241
12.58 8.09558  -1.04107
12.59 8.08518  -1.03978
12.6 8.0748  -1.03853
12.61 8.06442  -1.03733
12.62 8.05406  -1.03617
12.63 8.04371  -1.03506
12.64 8.03337  -1.03398
12.65 8.02304  -1.03295
12.66 8.01272  -1.03195
12.67 8.00241  -1.03098
12.68 7.99211  -1.03005
12.69 7.98182  -1.02915
12.7 7.97154  -1.02829
12.71 7.96126  -1.02745
12.72 7.951  -1.02664
12.73 7.94074  -1.02586
12.74 7.93049  -1.02511
12.75 7.92024  -1.02438
12.76 7.91001  -1.02368
12.77 7.89978  -1.02299
12.78 7.88955  -1.02234
12.79 7.87934  -1.0217
12.8 7.86913  -1.02109
12.81 7.85892  -1.02049
12.82 7.84872  -1.01991
12.83 7.83853  -1.01936
12.84 7.82834  -1.01882
12.85 7.81816  -1.0183
12.86 7.80798  -1.01779
12.87 7.79781  -1.0173
12.88 7.78764  -1.01683
12.89 7.77747  -1.01637
12.9 7.76731  -1.01593
12.91 7.75716  -1.0155
12.92 7.74701  -1.01508
12.93 7.73686  -1.01468
12.94 7.72672  -1.01428
12.95 7.71658  -1.0139
12.96 7.70644  -1.01354
12.97 7.69631  -1.01318
12.98 7.68618  -1.01283
12.99 7.67606  -1.0125
13 7.66594  -1.01217
13.01 7.65582  -1.01186
13.02 7.6457  -1.01155
13.03 7.63559  -1.01125
13.04 7.62548  -1.01096
13.05 7.61538  -1.01068
13.06 7.60527  -1.01041
13.07 7.59517  -1.01015
13.08 7.58507  -1.00989
13.09 7.57497  -1.00964
13.1 7.56488  -1.0094
13.11 7.55479  -1.00916
13.12 7.5447  -1.00894
13.13 7.53461  -1.00871
13.14 7.52453  -1.0085
13.15 7.51444  -1.00829
13.16 7.50436  -1.00808
13.17 7.49428  -1.00789
13.18 7.48421  -1.00769
13.19 7.47413  -1.00751
13.2 7.46406  -1.00732
13.21 7.45399  -1.00715
13.22 7.44392  -1.00697
13.23 7.43385  -1.00681
13.24 7.42378  -1.00664
13.25 7.41372  -1.00648
13.26 7.40366  -1.00633
13.27 7.39359  -1.00618
13.28 7.38353  -1.00603
13.29 7.37347  -1.00589
13.3 7.36342  -1.00575
13.31 7.35336  -1.00562
13.32 7.34331  -1.00549
13.33 7.33325  -1.00536
13.34 7.3232  -1.00523
13.35 7.31315  -1.00511
13.36 7.3031  -1.00499
13.37 7.29305  -1.00488
13.38 7.283  -1.00477
13.39 7.27296  -1.00466
13.4 7.26291  -1.00455
13.41 7.25287  -1.00445
13.42 7.24282  -1.00435
13.43 7.23278  -1.00425
13.44 7.22274  -1.00415
13.45 7.2127  -1.00406
13.46 7.20266  -1.00397
13.47 7.19262  -1.00388
13.48 7.18258  -1.00379
13.49 7.17254  -1.0037
13.5 7.16251  -1.00362
13.51 7.15247  -1.00354
13.52 7.14244  -1.00346
13.53 7.1324  -1.00338
13.54 7.12237  -1.00331
13.55 7.11234  -1.00324
13.56 7.10231  -1.00317
13.57 7.09228  -1.0031
13.58 7.08225  -1.00303
13.59 7.07222  -1.00296
13.6 7.06219  -1.0029
13.61 7.05216  -1.00283
13.62 7.04213  -1.00277
13.63 7.0321  -1.00271
13.64 7.02208  -1.00265
13.65 7.01205  -1.00259
13.66 7.00203  -1.00254
13.67 6.992  -1.00248
13.68 6.98198  -1.00243
13.69 6.97195  -1.00238
13.7 6.96193  -1.00233
13.71 6.95191  -1.00228
13.72 6.94189  -1.00223
13.73 6.93186  -1.00218
13.74 6.92184  -1.00213
13.75 6.91182  -1.00209
13.76 6.9018  -1.00204
13.77 6.89178  -1.002
13.78 6.88176  -1.00196
13.79 6.87174  -1.00191
13.8 6.86172  -1.00187
13.81 6.85171  -1.00183
13.82 6.84169  -1.0018
13.83 6.83167  -1.00176
13.84 6.82165  -1.00172
13.85 6.81164  -1.00168
13.86 6.80162  -1.00165
13.87 6.7916  -1.00161
13.88 6.78159  -1.00158
13.89 6.77157  -1.00155
13.9 6.76156  -1.00151
13.91 6.75154  -1.00148
13.92 6.74153  -1.00145
13.93 6.73151  -1.00142
13.94 6.7215  -1.00139
13.95 6.71149  -1.00136
13.96 6.70147  -1.00133
13.97 6.69146  -1.0013
13.98 6.68145  -1.00128
13.99 6.67143  -1.00125
14 6.66142  -1.00122
14.01 6.65141  -1.0012
14.02 6.6414  -1.00117
14.03 6.63139  -1.00115
14.04 6.62138  -1.00112
14.05 6.61136  -1.0011
14.06 6.60135  -1.00108
14.07 6.59134  -1.00105
14.08 6.58133  -1.00103
14.09 6.57132  -1.00101
14.1 6.56131  -1.00099
14.11 6.5513  -1.00097
14.12 6.54129  -1.00095
14.13 6.53128  -1.00093
14.14 6.52128  -1.00091
14.15 6.51127  -1.00089
14.16 6.50126  -1.00087
14.17 6.49125  -1.00085
14.18 6.48124  -1.00083
14.19 6.47123  -1.00082
14.2 6.46122  -1.0008
14.21 6.45122  -1.00078
14.22 6.44121  -1.00076
14.23 6.4312  -1.00075
14.24 6.42119  -1.00073
14.25 6.41119  -1.00072
14.26 6.40118  -1.0007
14.27 6.39117  -1.00069
14.28 6.38117  -1.00067
14.29 6.37116  -1.00066
14.3 6.36115  -1.00064
14.31 6.35115  -1.00063
14.32 6.34114  -1.00061
14.33 6.33114  -1.0006
14.34 6.32113  -1.00059
14.35 6.31112  -1.00058
14.36 6.30112  -1.00056
14.37 6.29111  -1.00055
14.38 6.28111  -1.00054
14.39 6.2711  -1.00053
14.4 6.2611  -1.00051
14.41 6.25109  -1.0005
14.42 6.24109  -1.00049
14.43 6.23108  -1.00048
14.44 6.22108  -1.00047
14.45 6.21107  -1.00046
14.46 6.20107  -1.00045
14.47 6.19106  -1.00044
14.48 6.18106  -1.00043
14.49 6.17106  -1.00042
14.5 6.16105  -1.00041
14.51 6.15105  -1.0004
14.52 6.14104  -1.00039
14.53 6.13104  -1.00038
14.54 6.12104  -1.00037
14.55 6.11103  -1.00036
14.56 6.10103  -1.00036
14.57 6.09102  -1.00035
14.58 6.08102  -1.00034
14.59 6.07102  -1.00033
14.6 6.06102  -1.00032
14.61 6.05101  -1.00032
14.62 6.04101  -1.00031
14.63 6.03101  -1.0003
14.64 6.021  -1.00029
14.65 6.011  -1.00029
14.66 6.001  -1.00028
14.67 5.99099  -1.00027
14.68 5.98099  -1.00027
14.69 5.97099  -1.00026
14.7 5.96099  -1.00025
14.71 5.95098  -1.00025
14.72 5.94098  -1.00024
14.73 5.93098  -1.00023
14.74 5.92098  -1.00023
14.75 5.91098  -1.00022
14.76 5.90097  -1.00022
14.77 5.89097  -1.00021
14.78 5.88097  -1.0002
14.79 5.87097  -1.0002
14.8 5.86096  -1.00019
14.81 5.85096  -1.00019
14.82 5.84096  -1.00018
14.83 5.83096  -1.00018
14.84 5.82096  -1.00017
14.85 5.81096  -1.00017
14.86 5.80095  -1.00016
14.87 5.79095  -1.00016
14.88 5.78095  -1.00015
14.89 5.77095  -1.00015
14.9 5.76095  -1.00015
14.91 5.75095  -1.00014
14.92 5.74095  -1.00014
14.93 5.73094  -1.00013
14.94 5.72094  -1.00013
14.95 5.71094  -1.00012
14.96 5.70094  -1.00012
14.97 5.69094  -1.00012
14.98 5.68094  -1.00011
14.99 5.67094  -1.00011
15 5.66094  -1.00011
15.01 5.65093  -1.0001
15.02 5.64093  -1.0001
15.03 5.63093  -1.0001
15.04 5.62093  -1.00009
15.05 5.61093  -1.00009
15.06 5.60093  -1.00009
15.07 5.59093  -1.00008
15.08 5.58093  -1.00008
15.09 5.57093  -1.00008
15.1 5.56093  -1.00007
15.11 5.55093  -1.00007
15.12 5.54093  -1.00007
15.13 5.53092  -1.00007
15.14 5.52092  -1.00006
15.15 5.51092  -1.00006
15.16 5.50092  -1.00006
15.17 5.49092  -1.00006
15.18 5.48092  -1.00005
15.19 5.47092  -1.00005
15.2 5.46092  -1.00005
15.21 5.45092  -1.00005
15.22 5.44092  -1.00004
15.23 5.43092  -1.00004
15.24 5.42092  -1.00004
15.25 5.41092  -1.00004
15.26 5.40092  -1.00004
15.27 5.39092  -1.00003
15.28 5.38092  -1.00003
15.29 5.37092  -1.00003
15.3 5.36092  -1.00003
15.31 5.35092  -1.00003
15.32 5.34092  -1.00003
15.33 5.33092  -1.00002
15.34 5.32092  -1.00002
15.35 5.31092  -1.00002
15.36 5.30092  -1.00002
15.37 5.29092  -1.00002
15.38 5.28092  -1.00002
15.39 5.27092  -1.00002
15.4 5.26092  -1.00002
15.41 5.25091  -1.00001
15.42 5.24091  -1.00001
15.43 5.23091  -1.00001
15.44 5.22091  -1.00001
15.45 5.21091  -1.00001
15.46 5.20091  -1.00001
15.47 5.19091  -1.00001
15.48 5.18091  -1.00001
15.49 5.17091  -1.00001
15.5 5.16091  -1.00001
15.51 5.15091  -1.00001
15.52 5.14091  -1
15.53 5.13091  -1
15.54 5.12091  -1
15.55 5.11091  -1
15.56 5.10091  -1
15.57 5.09091  -1
15.58 5.08091  -1
15.59 5.07091  -1
15.6 5.06091  -1
15.61 5.05091  -1
15.62 5.04091  -1
15.63 5.03091  -1
15.64 5.02091  -1
15.65 5.01091  -1
15.66 5.00091  -1
15.67 4.99091  -1
15.68 4.98091  -1
15.69 4.97091  -1
15.7 4.96091  -1
15.71 4.95091  -1
15.72 4.94091  -1
15.73 4.93091  -1
15.74 4.92091  -1
15.75 4.91091  -1
15.76 4.90091  -1
15.77 4.89091  -1
15.78 4.88091  -1
15.79 4.87091  -1
15.8 4.86091  -1
15.81 4.85091  -1
15.82 4.84091  -1.00001
15.83 4.83091  -1.00001
15.84 4.82091  -1.00001
15.85 4.81091  -1.00001
15.86 4.80091  -1.00001
15.87 4.79091  -1.00001
15.88 4.78091  -1.00001
15.89 4.77091  -1.00001
15.9 4.76091  -1.00001
15.91 4.75091  -1.00001
15.92 4.74091  -1.00001
15.93 4.73091  -1.00002
15.94 4.72091  -1.00002
15.95 4.71091  -1.00002
15.96 4.70091  -1.00002
15.97 4.69091  -1.00002
15.98 4.68091  -1.00002
15.99 4.67091  -1.00002
16 4.66091  -1.00002
16.01 4.65091  -1.00003
16.02 4.64091  -1.00003
16.03 4.63091  -1.00003
16.04 4.62091  -1.00003
16.05 4.61091  -1.00003
16.06 4.60091  -1.00003
16.07 4.59091  -1.00004
16.08 4.58091  -1.00004
16.09 4.57091  -1.00004
16.1 4.56091  -1.00004
16.11 4.55091  -1.00004
16.12 4.54091  -1.00005
16.13 4.53091  -1.00005
16.14 4.52091  -1.00005
16.15 4.51091  -1.00005
16.16 4.5009  -1.00006
16.17 4.4909  -1.00006
16.18 4.4809  -1.00006
16.19 4.4709  -1.00006
16.2 4.4609  -1.00007
16.21 4.4509  -1.00007
16.22 4.4409  -1.00007
16.23 4.4309  -1.00007
16.24 4.4209  -1.00008
16.25 4.4109  -1.00008
16.26 4.4009  -1.00008
16.27 4.3909  -1.00009
16.28 4.3809  -1.00009
16.29 4.37089  -1.00009
16.3 4.36089  -1.0001
16.31 4.35089  -1.0001
16.32 4.34089  -1.0001
16.33 4.33089  -1.00011
16.34 4.32089  -1.00011
16.35 4.31089  -1.00011
16.36 4.30089  -1.00012
16.37 4.29089  -1.00012
16.38 4.28089  -1.00012
16.39 4.27088  -1.00013
16.4 4.26088  -1.00013
16.41 4.25088  -1.00014
16.42 4.24088  -1.00014
16.43 4.23088  -1.00014
16.44 4.22088  -1.00015
16.45 4.21088  -1.00015
16.46 4.20087  -1.00016
16.47 4.19087  -1.00016
16.48 4.18087  -1.00017
16.49 4.17087  -1.00017
16.5 4.16087  -1.00018
16.51 4.15086  -1.00018
16.52 4.14086  -1.00019
16.53 4.13086  -1.00019
16.54 4.12086  -1.0002
16.55 4.11086  -1.0002
16.56 4.10086  -1.00021
16.57 4.09085  -1.00021
16.58 4.08085  -1.00022
16.59 4.07085  -1.00023
16.6 4.06085  -1.00023
16.61 4.05084  -1.00024
16.62 4.04084  -1.00024
16.63 4.03084  -1.00025
16.64 4.02084  -1.00026
16.65 4.01083  -1.00026
16.66 4.00083  -1.00027
16.67 3.99083  -1.00028
16.68 3.98083  -1.00028
16.69 3.97082  -1.00029
16.7 3.96082  -1.0003
16.71 3.95082  -1.00031
16.72 3.94081  -1.00031
16.73 3.93081  -1.00032
16.74 3.92081  -1.00033
16.75 3.9108  -1.00034
16.76 3.9008  -1.00035
16.77 3.8908  -1.00035
16.78 3.88079  -1.00036
16.79 3.87079  -1.00037
16.8 3.86079  -1.00038
16.81 3.85078  -1.00039
16.82 3.84078  -1.0004
16.83 3.83077  -1.00041
16.84 3.82077  -1.00042
16.85 3.81076  -1.00043
16.86 3.80076  -1.00044
16.87 3.79076  -1.00045
16.88 3.78075  -1.00046
16.89 3.77075  -1.00047
16.9 3.76074  -1.00048
16.91 3.75074  -1.00049
16.92 3.74073  -1.0005
16.93 3.73073  -1.00051
16.94 3.72072  -1.00052
16.95 3.71072  -1.00054
16.96 3.70071  -1.00055
16.97 3.6907  -1.00056
16.98 3.6807  -1.00057
16.99 3.67069  -1.00059
17 3.66069  -1.0006
17.01 3.65068  -1.00061
17.02 3.64068  -1.00063
17.03 3.63067  -1.00064
17.04 3.62066  -1.00065
17.05 3.61066  -1.00067
17.06 3.60065  -1.00068
17.07 3.59064  -1.0007
17.08 3.58063  -1.00071
17.09 3.57063  -1.00073
17.1 3.56062  -1.00074
17.11 3.55061  -1.00076
17.12 3.5406  -1.00078
17.13 3.5306  -1.00079
17.14 3.52059  -1.00081
17.15 3.51058  -1.00083
17.16 3.50057  -1.00085
17.17 3.49056  -1.00087
17.18 3.48055  -1.00088
17.19 3.47054  -1.0009
17.2 3.46054  -1.00092
17.21 3.45053  -1.00094
17.22 3.44052  -1.00096
17.23 3.43051  -1.00098
17.24 3.4205  -1.00101
17.25 3.41049  -1.00103
17.26 3.40048  -1.00105
17.27 3.39047  -1.00107
17.28 3.38045  -1.0011
17.29 3.37044  -1.00112
17.3 3.36043  -1.00114
17.31 3.35042  -1.00117
17.32 3.34041  -1.00119
17.33 3.3304  -1.00122
17.34 3.32038  -1.00124
17.35 3.31037  -1.00127
17.36 3.30036  -1.0013
17.37 3.29034  -1.00133
17.38 3.28033  -1.00135
17.39 3.27032  -1.00138
17.4 3.2603  -1.00141
17.41 3.25029  -1.00144
17.42 3.24027  -1.00148
17.43 3.23026  -1.00151
17.44 3.22024  -1.00154
17.45 3.21023  -1.00157
17.46 3.20021  -1.00161
17.47 3.1902  -1.00164
17.48 3.18018  -1.00168
17.49 3.17016  -1.00171
17.5 3.16014  -1.00175
17.51 3.15013  -1.00179
17.52 3.14011  -1.00183
17.53 3.13009  -1.00187
17.54 3.12007  -1.00191
17.55 3.11005  -1.00195
17.56 3.10003  -1.00199
17.57 3.09001  -1.00203
17.58 3.07999  -1.00208
17.59 3.06997  -1.00212
17.6 3.05995  -1.00217
17.61 3.04992  -1.00222
17.62 3.0399  -1.00227
17.63 3.02988  -1.00232
17.64 3.01985  -1.00237
17.65 3.00983  -1.00242
17.66 2.99981  -1.00247
17.67 2.98978  -1.00253
17.68 2.97975  -1.00258
17.69 2.96973  -1.00264
17.7 2.9597  -1.0027
17.71 2.94967  -1.00276
17.72 2.93965  -1.00282
17.73 2.92962  -1.00288
17.74 2.91959  -1.00295
17.75 2.90956  -1.00302
17.76 2.89953  -1.00308
17.77 2.88949  -1.00315
17.78 2.87946  -1.00322
17.79 2.86943  -1.0033
17.8 2.8594  -1.00337
17.81 2.84936  -1.00345
17.82 2.83933  -1.00353
17.83 2.82929  -1.00361
17.84 2.81925  -1.00369
17.85 2.80922  -1.00377
17.86 2.79918  -1.00386
17.87 2.78914  -1.00395
17.88 2.7791  -1.00404
17.89 2.76906  -1.00413
17.9 2.75901  -1.00423
17.91 2.74897  -1.00433
17.92 2.73893  -1.00443
17.93 2.72888  -1.00453
17.94 2.71883  -1.00464
17.95 2.70879  -1.00475
17.96 2.69874  -1.00486
17.97 2.68869  -1.00497
17.98 2.67864  -1.00509
17.99 2.66859  -1.00521
18 2.65853  -1.00534
18.01 2.64848  -1.00546
18.02 2.63842  -1.00559
18.03 2.62836  -1.00573
18.04 2.61831  -1.00587
18.05 2.60825  -1.00601
18.06 2.59818  -1.00615
18.07 2.58812  -1.0063
18.08 2.57806  -1.00646
18.09 2.56799  -1.00661
18.1 2.55792  -1.00678
18.11 2.54785  -1.00694
18.12 2.53778  -1.00711
18.13 2.52771  -1.00729
18.14 2.51763  -1.00747
18.15 2.50756  -1.00766
18.16 2.49748  -1.00785
18.17 2.4874  -1.00805
18.18 2.47732  -1.00825
18.19 2.46723  -1.00846
18.2 2.45714  -1.00867
18.21 2.44706  -1.00889
18.22 2.43696  -1.00912
18.23 2.42687  -1.00936
18.24 2.41677  -1.0096
18.25 2.40668  -1.00984
18.26 2.39658  -1.0101
18.27 2.38647  -1.01036
18.28 2.37637  -1.01063
18.29 2.36626  -1.01091
18.3 2.35614  -1.0112
18.31 2.34603  -1.01149
18.32 2.33591  -1.0118
18.33 2.32579  -1.01211
18.34 2.31567  -1.01244
18.35 2.30554  -1.01277
18.36 2.29541  -1.01312
18.37 2.28527  -1.01347
18.38 2.27513  -1.01384
18.39 2.26499  -1.01421
18.4 2.25485  -1.0146
18.41 2.2447  -1.015
18.42 2.23454  -1.01542
18.43 2.22438  -1.01585
18.44 2.21422  -1.01629
18.45 2.20405  -1.01674
18.46 2.19388  -1.01722
18.47 2.1837  -1.0177
18.48 2.17352  -1.0182
18.49 2.16333  -1.01872
18.5 2.15314  -1.01926
18.51 2.14294  -1.01981
18.52 2.13274  -1.02038
18.53 2.12253  -1.02098
18.54 2.11231  -1.02159
18.55 2.10209  -1.02222
18.56 2.09186  -1.02287
18.57 2.08163  -1.02355
18.58 2.07139  -1.02425
18.59 2.06114  -1.02497
18.6 2.05088  -1.02572
18.61 2.04061  -1.0265
18.62 2.03034  -1.0273
18.63 2.02006  -1.02813
18.64 2.00977  -1.02899
18.65 1.99947  -1.02989
18.66 1.98916  -1.03081
18.67 1.97884  -1.03177
18.68 1.96852  -1.03276
18.69 1.95818  -1.03379
18.7 1.94783  -1.03486
18.71 1.93747  -1.03597
18.72 1.9271  -1.03712
18.73 1.91672  -1.03831
18.74 1.90632  -1.03954
18.75 1.89591  -1.04083
18.76 1.88549  -1.04216
18.77 1.87506  -1.04355
18.78 1.86461  -1.04499
18.79 1.85414  -1.04648
18.8 1.84366  -1.04803
18.81 1.83316  -1.04965
18.82 1.82265  -1.05133
18.83 1.81212  -1.05308
18.84 1.80157  -1.05489
18.85 1.791  -1.05678
18.86 1.78042  -1.05875
18.87 1.76981  -1.0608
18.88 1.75918  -1.06294
18.89 1.74853  -1.06516
18.9 1.73785  -1.06748
18.91 1.72715  -1.06989
18.92 1.71643  -1.07241
18.93 1.70568  -1.07504
18.94 1.6949  -1.07778
18.95 1.68409  -1.08064
18.96 1.67326  -1.08363
18.97 1.66239  -1.08675
18.98 1.65149  -1.09
18.99 1.64056  -1.09341
19 1.62959  -1.09697
19.01 1.61858  -1.10069
19.02 1.60753  -1.10458
19.03 1.59645  -1.10866
19.04 1.58532  -1.11293
19.05 1.57414  -1.11739
19.06 1.56292  -1.12207
19.07 1.55165  -1.12698
19.08 1.54033  -1.13212
19.09 1.52896  -1.13752
19.1 1.51753  -1.14318
19.11 1.50603  -1.14913
19.12 1.49448  -1.15537
19.13 1.48286  -1.16193
19.14 1.47117  -1.16883
19.15 1.45941  -1.17608
19.16 1.44757  -1.18371
19.17 1.43566  -1.19174
19.18 1.42366  -1.20019
19.19 1.41156  -1.2091
19.2 1.39938  -1.21849
19.21 1.3871  -1.22839
19.22 1.37471  -1.23883
19.23 1.36221  -1.24985
19.24 1.34959  -1.26148
19.25 1.33686  -1.27376
19.26 1.32399  -1.28673
19.27 1.31099  -1.30043
19.28 1.29784  -1.31491
19.29 1.28453  -1.33021
19.3 1.27107  -1.34637
19.31 1.25744  -1.36345
19.32 1.24362  -1.38149
19.33 1.22962  -1.40052
19.34 1.21541  -1.42058
19.35 1.20099  -1.44171
19.36 1.18635  -1.46391
19.37 1.17148  -1.48718
19.38 1.15637  -1.51148
19.39 1.141  -1.53673
19.4 1.12537  -1.56279
19.41 1.10948  -1.58944
19.42 1.09331  -1.61634
19.43 1.07688  -1.64298
19.44 1.0602  -1.66861
19.45 1.04328  -1.69219
19.46 1.02615  -1.71221
19.47 1.00889  -1.72659
19.48 0.991564  -1.73242
19.49 0.974306  -1.72578
19.5 0.957292  -1.70144
19.51 0.940765  -1.65268
19.52 0.925053  -1.57126
19.53 0.910574  -1.4479
19.54 0.897838  -1.27351
19.55 0.887423  -1.04157
19.56 0.879907  -0.751565
19.57 0.875784  -0.41227
19.58 0.875355  -0.0429351
19.59 0.878652  0.329659
19.6 0.88543  0.677865
19.61 0.895233  0.98029
19.62 0.907491  1.22573
19.63 0.921619  1.41286
19.64 0.93709  1.54712
19.65 0.953463  1.63728
19.66 0.97039  1.69273
19.67 0.98761  1.722
19.68 1.00493  1.73217
19.69 1.02222  1.7288
19.7 1.03938  1.71609
19.71 1.05635  1.69714
19.72 1.07309  1.67423
19.73 1.08958  1.64895
19.74 1.10581  1.62247
19.75 1.12176  1.59558
19.76 1.13745  1.56884
19.77 1.15288  1.54262
19.78 1.16805  1.51717
19.79 1.18298  1.49264
19.8 1.19767  1.46913
19.81 1.21214  1.44669
19.82 1.22639  1.42532
19.83 1.24044  1.40501
19.84 1.2543  1.38574
19.85 1.26797  1.36748
19.86 1.28147  1.35019
19.87 1.29481  1.33382
19.88 1.30799  1.31833
19.89 1.32103  1.30367
19.9 1.33393  1.28979
19.91 1.3467  1.27666
19.92 1.35934  1.26422
19.93 1.37186  1.25245
19.94 1.38428  1.24129
19.95 1.39658  1.23072
19.96 1.40879  1.22071
19.97 1.4209  1.2112
19.98 1.43292  1.20219
19.99 1.44486  1.19363
20 1.45671  1.18551
