0 5 -1
0.005 4.995  -1
0.01 4.99  -1
0.015 4.985  -1
0.02 4.98  -1
0.025 4.975  -1
0.03 4.97  -1
0.035 4.965  -1
0.04 4.96  -1
0.045 4.955  -1
0.05 4.95  -1
0.055 4.945  -1
0.06 4.94  -1
0.065 4.935  -1
0.07 4.93  -1
0.075 4.925  -1
0.08 4.92  -1
0.085 4.915  -1
0.09 4.91  -1
0.095 4.905  -1
0.1 4.9  -1
0.105 4.895  -1
0.11 4.89  -1
0.115 4.885  -1
0.12 4.88  -1
0.125 4.875  -1
0.13 4.87  -1
0.135 4.865  -1
0.14 4.86  -1
0.145 4.855  -1
0.15 4.85  -1
0.155 4.845  -1.00001
0.16 4.84  -1.00001
0.165 4.835  -1.00001
0.17 4.83  -1.00001
0.175 4.825  -1.00001
0.18 4.82  -1.00001
0.185 4.815  -1.00001
0.19 4.81  -1.00001
0.195 4.805  -1.00001
0.2 4.8  -1.00001
0.205 4.795  -1.00001
0.21 4.79  -1.00001
0.215 4.785  -1.00001
0.22 4.78  -1.00001
0.225 4.775  -1.00001
0.23 4.77  -1.00001
0.235 4.765  -1.00001
0.24 4.76  -1.00001
0.245 4.755  -1.00001
0.25 4.75  -1.00001
0.255 4.745  -1.00001
0.26 4.74  -1.00001
0.265 4.735  -1.00002
0.27 4.73  -1.00002
0.275 4.725  -1.00002
0.28 4.72  -1.00002
0.285 4.715  -1.00002
0.29 4.71  -1.00002
0.295 4.705  -1.00002
0.3 4.7  -1.00002
0.305 4.695  -1.00002
0.31 4.69  -1.00002
0.315 4.685  -1.00002
0.32 4.68  -1.00002
0.325 4.675  -1.00002
0.33 4.67  -1.00002
0.335 4.665  -1.00002
0.34 4.66  -1.00003
0.345 4.655  -1.00003
0.35 4.65  -1.00003
0.355 4.645  -1.00003
0.36 4.64  -1.00003
0.365 4.635  -1.00003
0.37 4.63  -1.00003
0.375 4.625  -1.00003
0.38 4.62  -1.00003
0.385 4.615  -1.00003
0.39 4.61  -1.00003
0.395 4.605  -1.00003
0.4 4.6  -1.00004
0.405 4.595  -1.00004
0.41 4.59  -1.00004
0.415 4.58499  -1.00004
0.42 4.57999  -1.00004
0.425 4.57499  -1.00004
0.43 4.56999  -1.00004
0.435 4.56499  -1.00004
0.44 4.55999  -1.00004
0.445 4.55499  -1.00004
0.45 4.54999  -1.00005
0.455 4.54499  -1.00005
0.46 4.53999  -1.00005
0.465 4.53499  -1.00005
0.47 4.52999  -1.00005
0.475 4.52499  -1.00005
0.48 4.51999  -1.00005
0.485 4.51499  -1.00005
0.49 4.50999  -1.00005
0.495 4.50499  -1.00006
0.5 4.49999  -1.00006
0.505 4.49499  -1.00006
0.51 4.48999  -1.00006
0.515 4.48499  -1.00006
0.52 4.47999  -1.00006
0.525 4.47499  -1.00006
0.53 4.46999  -1.00006
0.535 4.46499  -1.00007
0.54 4.45999  -1.00007
0.545 4.45499  -1.00007
0.55 4.44999  -1.00007
0.555 4.44499  -1.00007
0.56 4.43999  -1.00007
0.565 4.43499  -1.00007
0.57 4.42999  -1.00007
0.575 4.42499  -1.00008
0.58 4.41999  -1.00008
0.585 4.41499  -1.00008
0.59 4.40998  -1.00008
0.595 4.40498  -1.00008
0.6 4.39998  -1.00008
0.605 4.39498  -1.00009
0.61 4.38998  -1.00009
0.615 4.38498  -1.00009
0.62 4.37998  -1.00009
0.625 4.37498  -1.00009
0.63 4.36998  -1.00009
0.635 4.36498  -1.00009
0.64 4.35998  -1.0001
0.645 4.35498  -1.0001
0.65 4.34998  -1.0001
0.655 4.34498  -1.0001
0.66 4.33998  -1.0001
0.665 4.33498  -1.0001
0.67 4.32998  -1.00011
0.675 4.32498  -1.00011
0.68 4.31998  -1.00011
0.685 4.31498  -1.00011
0.69 4.30998  -1.00011
0.695 4.30497  -1.00012
0.7 4.29997  -1.00012
0.705 4.29497  -1.00012
0.71 4.28997  -1.00012
0.715 4.28497  -1.00012
0.72 4.27997  -1.00013
0.725 4.27497  -1.00013
0.73 4.26997  -1.00013
0.735 4.26497  -1.00013
0.74 4.25997  -1.00013
0.745 4.25497  -1.00014
0.75 4.24997  -1.00014
0.755 4.24497  -1.00014
0.76 4.23997  -1.00014
0.765 4.23497  -1.00014
0.77 4.22997  -1.00015
0.775 4.22496  -1.00015
0.78 4.21996  -1.00015
0.785 4.21496  -1.00015
0.79 4.20996  -1.00016
0.795 4.20496  -1.00016
0.8 4.19996  -1.00016
0.805 4.19496  -1.00016
0.81 4.18996  -1.00016
0.815 4.18496  -1.00017
0.82 4.17996  -1.00017
0.825 4.17496  -1.00017
0.83 4.16996  -1.00017
0.835 4.16495  -1.00018
0.84 4.15995  -1.00018
0.845 4.15495  -1.00018
0.85 4.14995  -1.00018
0.855 4.14495  -1.00019
0.86 4.13995  -1.00019
0.865 4.13495  -1.00019
0.87 4.12995  -1.00019
0.875 4.12495  -1.0002
0.88 4.11995  -1.0002
0.885 4.11495  -1.0002
0.89 4.10994  -1.00021
0.895 4.10494  -1.00021
0.9 4.09994  -1.00021
0.905 4.09494  -1.00021
0.91 4.08994  -1.00022
0.915 4.08494  -1.00022
0.92 4.07994  -1.00022
0.925 4.07494  -1.00023
0.93 4.06994  -1.00023
0.935 4.06493  -1.00023
0.94 4.05993  -1.00023
0.945 4.05493  -1.00024
0.95 4.04993  -1.00024
0.955 4.04493  -1.00024
0.96 4.03993  -1.00025
0.965 4.03493  -1.00025
0.97 4.02993  -1.00025
0.975 4.02492  -1.00026
0.98 4.01992  -1.00026
0.985 4.01492  -1.00026
0.99 4.00992  -1.00027
0.995 4.00492  -1.00027
1 3.99992  -1.00027
1.005 3.99492  -1.00028
1.01 3.98992  -1.00028
1.015 3.98491  -1.00028
1.02 3.97991  -1.00029
1.025 3.97491  -1.00029
1.03 3.96991  -1.00029
1.035 3.96491  -1.0003
1.04 3.95991  -1.0003
1.045 3.95491  -1.00031
1.05 3.9499  -1.00031
1.055 3.9449  -1.00031
1.06 3.9399  -1.00032
1.065 3.9349  -1.00032
1.07 3.9299  -1.00032
1.075 3.9249  -1.00033
1.08 3.91989  -1.00033
1.085 3.91489  -1.00034
1.09 3.90989  -1.00034
1.095 3.90489  -1.00034
1.1 3.89989  -1.00035
1.105 3.89489  -1.00035
1.11 3.88988  -1.00036
1.115 3.88488  -1.00036
1.12 3.87988  -1.00037
1.125 3.87488  -1.00037
1.13 3.86988  -1.00037
1.135 3.86487  -1.00038
1.14 3.85987  -1.00038
1.145 3.85487  -1.00039
1.15 3.84987  -1.00039
1.155 3.84487  -1.0004
1.16 3.83987  -1.0004
1.165 3.83486  -1.00041
1.17 3.82986  -1.00041
1.175 3.82486  -1.00042
1.18 3.81986  -1.00042
1.185 3.81485  -1.00043
1.19 3.80985  -1.00043
1.195 3.80485  -1.00044
1.2 3.79985  -1.00044
1.205 3.79485  -1.00045
1.21 3.78984  -1.00045
1.215 3.78484  -1.00046
1.22 3.77984  -1.00046
1.225 3.77484  -1.00047
1.23 3.76983  -1.00047
1.235 3.76483  -1.00048
1.24 3.75983  -1.00048
1.245 3.75483  -1.00049
1.25 3.74983  -1.00049
1.255 3.74482  -1.0005
1.26 3.73982  -1.00051
1.265 3.73482  -1.00051
1.27 3.72981  -1.00052
1.275 3.72481  -1.00052
1.28 3.71981  -1.00053
1.285 3.71481  -1.00053
1.29 3.7098  -1.00054
1.295 3.7048  -1.00055
1.3 3.6998  -1.00055
1.305 3.6948  -1.00056
1.31 3.68979  -1.00056
1.315 3.68479  -1.00057
1.32 3.67979  -1.00058
1.325 3.67478  -1.00058
1.33 3.66978  -1.00059
1.335 3.66478  -1.0006
1.34 3.65978  -1.0006
1.345 3.65477  -1.00061
1.35 3.64977  -1.00062
1.355 3.64477  -1.00062
1.36 3.63976  -1.00063
1.365 3.63476  -1.00064
1.37 3.62976  -1.00064
1.375 3.62475  -1.00065
1.38 3.61975  -1.00066
1.385 3.61475  -1.00067
1.39 3.60974  -1.00067
1.395 3.60474  -1.00068
1.4 3.59974  -1.00069
1.405 3.59473  -1.0007
1.41 3.58973  -1.0007
1.415 3.58473  -1.00071
1.42 3.57972  -1.00072
1.425 3.57472  -1.00073
1.43 3.56972  -1.00073
1.435 3.56471  -1.00074
1.44 3.55971  -1.00075
1.445 3.55471  -1.00076
1.45 3.5497  -1.00077
1.455 3.5447  -1.00078
1.46 3.53969  -1.00078
1.465 3.53469  -1.00079
1.47 3.52969  -1.0008
1.475 3.52468  -1.00081
1.48 3.51968  -1.00082
1.485 3.51467  -1.00083
1.49 3.50967  -1.00084
1.495 3.50467  -1.00084
1.5 3.49966  -1.00085
1.505 3.49466  -1.00086
1.51 3.48965  -1.00087
1.515 3.48465  -1.00088
1.52 3.47964  -1.00089
1.525 3.47464  -1.0009
1.53 3.46963  -1.00091
1.535 3.46463  -1.00092
1.54 3.45963  -1.00093
1.545 3.45462  -1.00094
1.55 3.44962  -1.00095
1.555 3.44461  -1.00096
1.56 3.43961  -1.00097
1.565 3.4346  -1.00098
1.57 3.4296  -1.00099
1.575 3.42459  -1.001
1.58 3.41959  -1.00101
1.585 3.41458  -1.00102
1.59 3.40958  -1.00103
1.595 3.40457  -1.00105
1.6 3.39957  -1.00106
1.605 3.39456  -1.00107
1.61 3.38956  -1.00108
1.615 3.38455  -1.00109
1.62 3.37955  -1.0011
1.625 3.37454  -1.00112
1.63 3.36953  -1.00113
1.635 3.36453  -1.00114
1.64 3.35952  -1.00115
1.645 3.35452  -1.00116
1.65 3.34951  -1.00118
1.655 3.34451  -1.00119
1.66 3.3395  -1.0012
1.665 3.33449  -1.00121
1.67 3.32949  -1.00123
1.675 3.32448  -1.00124
1.68 3.31947  -1.00125
1.685 3.31447  -1.00127
1.69 3.30946  -1.00128
1.695 3.30446  -1.00129
1.7 3.29945  -1.00131
1.705 3.29444  -1.00132
1.71 3.28944  -1.00134
1.715 3.28443  -1.00135
1.72 3.27942  -1.00136
1.725 3.27442  -1.00138
1.73 3.26941  -1.00139
1.735 3.2644  -1.00141
1.74 3.25939  -1.00142
1.745 3.25439  -1.00144
1.75 3.24938  -1.00145
1.755 3.24437  -1.00147
1.76 3.23937  -1.00149
1.765 3.23436  -1.0015
1.77 3.22935  -1.00152
1.775 3.22434  -1.00153
1.78 3.21934  -1.00155
1.785 3.21433  -1.00157
1.79 3.20932  -1.00158
1.795 3.20431  -1.0016
1.8 3.1993  -1.00162
1.805 3.1943  -1.00164
1.81 3.18929  -1.00165
1.815 3.18428  -1.00167
1.82 3.17927  -1.00169
1.825 3.17426  -1.00171
1.83 3.16925  -1.00173
1.835 3.16425  -1.00174
1.84 3.15924  -1.00176
1.845 3.15423  -1.00178
1.85 3.14922  -1.0018
1.855 3.14421  -1.00182
1.86 3.1392  -1.00184
1.865 3.13419  -1.00186
1.87 3.12918  -1.00188
1.875 3.12417  -1.0019
1.88 3.11916  -1.00192
1.885 3.11415  -1.00194
1.89 3.10914  -1.00196
1.895 3.10413  -1.00198
1.9 3.09912  -1.00201
1.905 3.09411  -1.00203
1.91 3.0891  -1.00205
1.915 3.08409  -1.00207
1.92 3.07908  -1.00209
1.925 3.07407  -1.00212
1.93 3.06906  -1.00214
1.935 3.06405  -1.00216
1.94 3.05904  -1.00219
1.945 3.05403  -1.00221
1.95 3.04902  -1.00223
1.955 3.04401  -1.00226
1.96 3.039  -1.00228
1.965 3.03399  -1.00231
1.97 3.02897  -1.00233
1.975 3.02396  -1.00236
1.98 3.01895  -1.00239
1.985 3.01394  -1.00241
1.99 3.00893  -1.00244
1.995 3.00391  -1.00246
2 2.9989  -1.00249
2.005 2.99389  -1.00252
2.01 2.98888  -1.00255
2.015 2.98386  -1.00258
2.02 2.97885  -1.0026
2.025 2.97384  -1.00263
2.03 2.96883  -1.00266
2.035 2.96381  -1.00269
2.04 2.9588  -1.00272
2.045 2.95378  -1.00275
2.05 2.94877  -1.00278
2.055 2.94376  -1.00281
2.06 2.93874  -1.00284
2.065 2.93373  -1.00287
2.07 2.92871  -1.00291
2.075 2.9237  -1.00294
2.08 2.91869  -1.00297
2.085 2.91367  -1.003
2.09 2.90866  -1.00304
2.095 2.90364  -1.00307
2.1 2.89862  -1.00311
2.105 2.89361  -1.00314
2.11 2.88859  -1.00318
2.115 2.88358  -1.00321
2.12 2.87856  -1.00325
2.125 2.87355  -1.00328
2.13 2.86853  -1.00332
2.135 2.86351  -1.00336
2.14 2.8585  -1.0034
2.145 2.85348  -1.00344
2.15 2.84846  -1.00347
2.155 2.84344  -1.00351
2.16 2.83843  -1.00355
2.165 2.83341  -1.00359
2.17 2.82839  -1.00363
2.175 2.82337  -1.00368
2.18 2.81835  -1.00372
2.185 2.81334  -1.00376
2.19 2.80832  -1.0038
2.195 2.8033  -1.00385
2.2 2.79828  -1.00389
2.205 2.79326  -1.00393
2.21 2.78824  -1.00398
2.215 2.78322  -1.00403
2.22 2.7782  -1.00407
2.225 2.77318  -1.00412
2.23 2.76816  -1.00417
2.235 2.76314  -1.00421
2.24 2.75812  -1.00426
2.245 2.7531  -1.00431
2.25 2.74807  -1.00436
2.255 2.74305  -1.00441
2.26 2.73803  -1.00446
2.265 2.73301  -1.00451
2.27 2.72799  -1.00457
2.275 2.72296  -1.00462
2.28 2.71794  -1.00467
2.285 2.71292  -1.00473
2.29 2.70789  -1.00478
2.295 2.70287  -1.00484
2.3 2.69784  -1.0049
2.305 2.69282  -1.00495
2.31 2.68779  -1.00501
2.315 2.68277  -1.00507
2.32 2.67774  -1.00513
2.325 2.67272  -1.00519
2.33 2.66769  -1.00525
2.335 2.66267  -1.00532
2.34 2.65764  -1.00538
2.345 2.65261  -1.00544
2.35 2.64759  -1.00551
2.355 2.64256  -1.00557
2.36 2.63753  -1.00564
2.365 2.6325  -1.00571
2.37 2.62747  -1.00577
2.375 2.62244  -1.00584
2.38 2.61742  -1.00591
2.385 2.61239  -1.00598
2.39 2.60736  -1.00606
2.395 2.60233  -1.00613
2.4 2.5973  -1.0062
2.405 2.59226  -1.00628
2.41 2.58723  -1.00635
2.415 2.5822  -1.00643
2.42 2.57717  -1.00651
2.425 2.57214  -1.00659
2.43 2.5671  -1.00667
2.435 2.56207  -1.00675
2.44 2.55704  -1.00683
2.445 2.552  -1.00692
2.45 2.54697  -1.007
2.455 2.54193  -1.00709
2.46 2.5369  -1.00717
2.465 2.53186  -1.00726
2.47 2.52682  -1.00735
2.475 2.52179  -1.00744
2.48 2.51675  -1.00754
2.485 2.51171  -1.00763
2.49 2.50667  -1.00772
2.495 2.50164  -1.00782
2.5 2.4966  -1.00792
2.505 2.49156  -1.00802
2.51 2.48652  -1.00812
2.515 2.48148  -1.00822
2.52 2.47644  -1.00832
2.525 2.47139  -1.00842
2.53 2.46635  -1.00853
2.535 2.46131  -1.00864
2.54 2.45627  -1.00875
2.545 2.45122  -1.00886
2.55 2.44618  -1.00897
2.555 2.44113  -1.00908
2.56 2.43609  -1.0092
2.565 2.43104  -1.00932
2.57 2.426  -1.00944
2.575 2.42095  -1.00956
2.58 2.4159  -1.00968
2.585 2.41085  -1.0098
2.59 2.4058  -1.00993
2.595 2.40075  -1.01006
2.6 2.3957  -1.01019
2.605 2.39065  -1.01032
2.61 2.3856  -1.01045
2.615 2.38055  -1.01059
2.62 2.3755  -1.01073
2.625 2.37044  -1.01087
2.63 2.36539  -1.01101
2.635 2.36033  -1.01115
2.64 2.35528  -1.0113
2.645 2.35022  -1.01145
2.65 2.34516  -1.0116
2.655 2.3401  -1.01175
2.66 2.33505  -1.0119
2.665 2.32999  -1.01206
2.67 2.32493  -1.01222
2.675 2.31987  -1.01238
2.68 2.3148  -1.01255
2.685 2.30974  -1.01272
2.69 2.30468  -1.01289
2.695 2.29961  -1.01306
2.7 2.29455  -1.01323
2.705 2.28948  -1.01341
2.71 2.28441  -1.01359
2.715 2.27935  -1.01378
2.72 2.27428  -1.01396
2.725 2.26921  -1.01415
2.73 2.26414  -1.01434
2.735 2.25906  -1.01454
2.74 2.25399  -1.01474
2.745 2.24892  -1.01494
2.75 2.24384  -1.01514
2.755 2.23877  -1.01535
2.76 2.23369  -1.01556
2.765 2.22861  -1.01578
2.77 2.22353  -1.01599
2.775 2.21845  -1.01622
2.78 2.21337  -1.01644
2.785 2.20829  -1.01667
2.79 2.20321  -1.0169
2.795 2.19812  -1.01714
2.8 2.19304  -1.01738
2.805 2.18795  -1.01762
2.81 2.18286  -1.01787
2.815 2.17777  -1.01812
2.82 2.17268  -1.01838
2.825 2.16759  -1.01864
2.83 2.1625  -1.0189
2.835 2.1574  -1.01917
2.84 2.15231  -1.01944
2.845 2.14721  -1.01972
2.85 2.14211  -1.02
2.855 2.13701  -1.02029
2.86 2.13191  -1.02058
2.865 2.12681  -1.02088
2.87 2.1217  -1.02118
2.875 2.1166  -1.02149
2.88 2.11149  -1.0218
2.885 2.10638  -1.02211
2.89 2.10127  -1.02244
2.895 2.09616  -1.02276
2.9 2.09104  -1.0231
2.905 2.08593  -1.02344
2.91 2.08081  -1.02378
2.915 2.07569  -1.02413
2.92 2.07057  -1.02449
2.925 2.06545  -1.02485
2.93 2.06033  -1.02522
2.935 2.0552  -1.0256
2.94 2.05007  -1.02598
2.945 2.04494  -1.02637
2.95 2.03981  -1.02676
2.955 2.03468  -1.02717
2.96 2.02954  -1.02758
2.965 2.0244  -1.02799
2.97 2.01926  -1.02842
2.975 2.01412  -1.02885
2.98 2.00898  -1.02929
2.985 2.00383  -1.02974
2.99 1.99868  -1.03019
2.995 1.99353  -1.03066
3 1.98838  -1.03113
3.005 1.98322  -1.03161
3.01 1.97806  -1.0321
3.015 1.9729  -1.03259
3.02 1.96774  -1.0331
3.025 1.96257  -1.03362
3.03 1.95741  -1.03414
3.035 1.95223  -1.03468
3.04 1.94706  -1.03522
3.045 1.94189  -1.03578
3.05 1.93671  -1.03634
3.055 1.93152  -1.03692
3.06 1.92634  -1.03751
3.065 1.92115  -1.0381
3.07 1.91596  -1.03871
3.075 1.91077  -1.03933
3.08 1.90557  -1.03997
3.085 1.90037  -1.04061
3.09 1.89517  -1.04127
3.095 1.88996  -1.04193
3.1 1.88475  -1.04262
3.105 1.87954  -1.04331
3.11 1.87432  -1.04402
3.115 1.8691  -1.04474
3.12 1.86388  -1.04547
3.125 1.85865  -1.04622
3.13 1.85342  -1.04699
3.135 1.84819  -1.04777
3.14 1.84295  -1.04856
3.145 1.8377  -1.04937
3.15 1.83246  -1.0502
3.155 1.82721  -1.05104
3.16 1.82195  -1.0519
3.165 1.81669  -1.05277
3.17 1.81143  -1.05366
3.175 1.80616  -1.05458
3.18 1.80089  -1.05551
3.185 1.79561  -1.05645
3.19 1.79033  -1.05742
3.195 1.78504  -1.05841
3.2 1.77975  -1.05941
3.205 1.77445  -1.06044
3.21 1.76915  -1.06149
3.215 1.76384  -1.06256
3.22 1.75853  -1.06365
3.225 1.75321  -1.06477
3.23 1.74789  -1.0659
3.235 1.74256  -1.06707
3.24 1.73722  -1.06825
3.245 1.73188  -1.06946
3.25 1.72653  -1.0707
3.255 1.72118  -1.07196
3.26 1.71582  -1.07325
3.265 1.71045  -1.07457
3.27 1.70508  -1.07591
3.275 1.6997  -1.07729
3.28 1.69431  -1.07869
3.285 1.68892  -1.08012
3.29 1.68352  -1.08159
3.295 1.67811  -1.08308
3.3 1.6727  -1.08461
3.305 1.66727  -1.08618
3.31 1.66184  -1.08777
3.315 1.6564  -1.08941
3.32 1.65096  -1.09108
3.325 1.6455  -1.09278
3.33 1.64004  -1.09453
3.335 1.63457  -1.09631
3.34 1.62908  -1.09813
3.345 1.62359  -1.1
3.35 1.61809  -1.1019
3.355 1.61258  -1.10386
3.36 1.60706  -1.10585
3.365 1.60153  -1.10789
3.37 1.596  -1.10998
3.375 1.59045  -1.11212
3.38 1.58488  -1.11431
3.385 1.57931  -1.11654
3.39 1.57373  -1.11883
3.395 1.56814  -1.12118
3.4 1.56253  -1.12358
3.405 1.55691  -1.12604
3.41 1.55128  -1.12855
3.415 1.54564  -1.13113
3.42 1.53998  -1.13377
3.425 1.53432  -1.13647
3.43 1.52863  -1.13924
3.435 1.52294  -1.14207
3.44 1.51723  -1.14498
3.445 1.5115  -1.14795
3.45 1.50576  -1.151
3.455 1.50001  -1.15413
3.46 1.49424  -1.15733
3.465 1.48845  -1.16061
3.47 1.48265  -1.16398
3.475 1.47683  -1.16743
3.48 1.47099  -1.17097
3.485 1.46513  -1.1746
3.49 1.45926  -1.17832
3.495 1.45337  -1.18214
3.5 1.44746  -1.18605
3.505 1.44153  -1.19007
3.51 1.43558  -1.19419
3.515 1.42961  -1.19842
3.52 1.42362  -1.20276
3.525 1.4176  -1.20721
3.53 1.41157  -1.21179
3.535 1.40551  -1.21648
3.54 1.39942  -1.2213
3.545 1.39332  -1.22625
3.55 1.38719  -1.23133
3.555 1.38103  -1.23655
3.56 1.37485  -1.24191
3.565 1.36864  -1.24741
3.57 1.3624  -1.25307
3.575 1.35614  -1.25888
3.58 1.34984  -1.26485
3.585 1.34352  -1.27098
3.59 1.33716  -1.27728
3.595 1.33078  -1.28376
3.6 1.32436  -1.29042
3.605 1.3179  -1.29726
3.61 1.31142  -1.30429
3.615 1.3049  -1.31151
3.62 1.29834  -1.31894
3.625 1.29174  -1.32657
3.63 1.28511  -1.33442
3.635 1.27844  -1.34248
3.64 1.27173  -1.35077
3.645 1.26497  -1.35929
3.65 1.25818  -1.36804
3.655 1.25134  -1.37703
3.66 1.24445  -1.38627
3.665 1.23752  -1.39575
3.67 1.23054  -1.40549
3.675 1.22351  -1.41549
3.68 1.21644  -1.42575
3.685 1.20931  -1.43628
3.69 1.20213  -1.44707
3.695 1.19489  -1.45813
3.7 1.1876  -1.46945
3.705 1.18025  -1.48104
3.71 1.17285  -1.49289
3.715 1.16538  -1.50499
3.72 1.15786  -1.51734
3.725 1.15027  -1.52992
3.73 1.14262  -1.54272
3.735 1.13491  -1.55571
3.74 1.12713  -1.56887
3.745 1.11929  -1.58217
3.75 1.11137  -1.59557
3.755 1.1034  -1.60902
3.76 1.09535  -1.62245
3.765 1.08724  -1.63581
3.77 1.07906  -1.64899
3.775 1.07082  -1.6619
3.78 1.06251  -1.67441
3.785 1.05413  -1.68638
3.79 1.0457  -1.69763
3.795 1.03721  -1.70795
3.8 1.02867  -1.7171
3.805 1.02009  -1.72478
3.81 1.01146  -1.73065
3.815 1.00281  -1.73431
3.82 0.99414  -1.7353
3.825 0.985463  -1.73305
3.83 0.976798  -1.72695
3.835 0.968163  -1.71625
3.84 0.959582  -1.70013
3.845 0.951082  -1.67763
3.85 0.942693  -1.64771
3.855 0.934455  -1.60917
3.86 0.926409  -1.56077
3.865 0.918605  -1.50115
3.87 0.911099  -1.42894
3.875 0.903955  -1.34279
3.88 0.897241  -1.24147
3.885 0.891033  -1.12399
3.89 0.885413  -0.989676
3.895 0.880465  -0.838411
3.9 0.876273  -0.67071
3.905 0.872919  -0.487882
3.91 0.87048  -0.292094
3.915 0.86902  -0.0863698
3.92 0.868588  0.125518
3.925 0.869215  0.33926
3.93 0.870912  0.550313
3.935 0.873663  0.754247
3.94 0.877434  0.947093
3.945 0.88217  1.12561
3.95 0.887798  1.28748
3.955 0.894235  1.43134
3.96 0.901392  1.55674
3.965 0.909176  1.66399
3.97 0.917496  1.75403
3.975 0.926266  1.82819
3.98 0.935407  1.88802
3.985 0.944847  1.93521
3.99 0.954523  1.9714
3.995 0.96438  1.99817
4 0.974371  2.01697
4.005 0.984456  2.0291
4.01 0.994601  2.0357
4.015 1.00478  2.03776
4.02 1.01497  2.03612
4.025 1.02515  2.03151
4.03 1.03531  2.02453
4.035 1.04543  2.01569
4.04 1.05551  2.0054
4.045 1.06553  1.99402
4.05 1.0755  1.98183
4.055 1.08541  1.96908
4.06 1.09526  1.95594
4.065 1.10504  1.94259
4.07 1.11475  1.92915
4.075 1.1244  1.91572
4.08 1.13398  1.90238
4.085 1.14349  1.8892
4.09 1.15293  1.87623
4.095 1.16232  1.8635
4.1 1.17163  1.85106
4.105 1.18089  1.83891
4.11 1.19008  1.82709
4.115 1.19922  1.81559
4.12 1.2083  1.80442
4.125 1.21732  1.79359
4.13 1.22629  1.7831
4.135 1.2352  1.77294
4.14 1.24407  1.76312
4.145 1.25288  1.75362
4.15 1.26165  1.74444
4.155 1.27037  1.73557
4.16 1.27905  1.72701
4.165 1.28769  1.71874
4.17 1.29628  1.71076
4.175 1.30483  1.70306
4.18 1.31335  1.69563
4.185 1.32183  1.68846
4.19 1.33027  1.68155
4.195 1.33868  1.67488
4.2 1.34705  1.66844
4.205 1.35539  1.66224
4.21 1.3637  1.65625
4.215 1.37199  1.65047
4.22 1.38024  1.6449
4.225 1.38846  1.63952
4.23 1.39666  1.63433
4.235 1.40483  1.62932
4.24 1.41298  1.62449
4.245 1.4211  1.61982
4.25 1.4292  1.61532
4.255 1.43728  1.61097
4.26 1.44533  1.60677
4.265 1.45336  1.60272
4.27 1.46138  1.5988
4.275 1.46937  1.59502
4.28 1.47735  1.59137
4.285 1.4853  1.58784
4.29 1.49324  1.58442
4.295 1.50117  1.58113
4.3 1.50907  1.57794
4.305 1.51696  1.57486
4.31 1.52484  1.57188
4.315 1.53269  1.569
4.32 1.54054  1.56621
4.325 1.54837  1.56351
4.33 1.55619  1.56091
4.335 1.56399  1.55838
4.34 1.57178  1.55594
4.345 1.57956  1.55358
4.35 1.58733  1.55129
4.355 1.59509  1.54907
4.36 1.60283  1.54693
4.365 1.61057  1.54485
4.37 1.61829  1.54284
4.375 1.62601  1.54089
4.38 1.63371  1.539
4.385 1.64141  1.53717
4.39 1.64909  1.5354
4.395 1.65677  1.53368
4.4 1.66444  1.53201
4.405 1.6721  1.5304
4.41 1.67975  1.52883
4.415 1.68739  1.52731
4.42 1.69503  1.52584
4.425 1.70266  1.52441
4.43 1.71028  1.52302
4.435 1.7179  1.52167
4.44 1.72551  1.52037
4.445 1.73311  1.5191
4.45 1.7407  1.51787
4.455 1.74829  1.51668
4.46 1.75588  1.51552
4.465 1.76345  1.51439
4.47 1.77102  1.5133
4.475 1.77859  1.51223
4.48 1.78615  1.5112
4.485 1.79371  1.5102
4.49 1.80126  1.50923
4.495 1.80881  1.50828
4.5 1.81635  1.50736
4.505 1.82388  1.50646
4.51 1.83142  1.5056
4.515 1.83894  1.50475
4.52 1.84647  1.50393
4.525 1.85399  1.50313
4.53 1.8615  1.50235
4.535 1.86902  1.5016
4.54 1.87652  1.50086
4.545 1.88403  1.50015
4.55 1.89153  1.49945
4.555 1.89903  1.49877
4.56 1.90652  1.49811
4.565 1.91401  1.49747
4.57 1.9215  1.49685
4.575 1.92898  1.49624
4.58 1.93646  1.49565
4.585 1.94394  1.49507
4.59 1.95142  1.49451
4.595 1.95889  1.49396
4.6 1.96636  1.49343
4.605 1.97383  1.49291
4.61 1.98129  1.4924
4.615 1.98875  1.49191
4.62 1.99621  1.49143
4.625 2.00367  1.49097
4.63 2.01112  1.49051
4.635 2.01858  1.49007
4.64 2.02603  1.48963
4.645 2.03347  1.48921
4.65 2.04092  1.4888
4.655 2.04836  1.4884
4.66 2.05581  1.48801
4.665 2.06325  1.48763
4.67 2.07068  1.48725
4.675 2.07812  1.48689
4.68 2.08556  1.48654
4.685 2.09299  1.48619
4.69 2.10042  1.48585
4.695 2.10785  1.48553
4.7 2.11528  1.48521
4.705 2.1227  1.48489
4.71 2.13013  1.48459
4.715 2.13755  1.48429
4.72 2.14497  1.484
4.725 2.15239  1.48371
4.73 2.15981  1.48344
4.735 2.16723  1.48316
4.74 2.17464  1.4829
4.745 2.18206  1.48264
4.75 2.18947  1.48239
4.755 2.19688  1.48214
4.76 2.20429  1.4819
4.765 2.2117  1.48167
4.77 2.21911  1.48144
4.775 2.22652  1.48121
4.78 2.23392  1.48099
4.785 2.24133  1.48078
4.79 2.24873  1.48057
4.795 2.25614  1.48036
4.8 2.26354  1.48016
4.805 2.27094  1.47997
4.81 2.27834  1.47978
4.815 2.28574  1.47959
4.82 2.29314  1.47941
4.825 2.30053  1.47923
4.83 2.30793  1.47905
4.835 2.31532  1.47888
4.84 2.32272  1.47872
4.845 2.33011  1.47855
4.85 2.3375  1.47839
4.855 2.3449  1.47824
4.86 2.35229  1.47808
4.865 2.35968  1.47793
4.87 2.36707  1.47779
4.875 2.37446  1.47764
4.88 2.38184  1.4775
4.885 2.38923  1.47737
4.89 2.39662  1.47723
4.895 2.40401  1.4771
4.9 2.41139  1.47697
4.905 2.41878  1.47685
4.91 2.42616  1.47672
4.915 2.43354  1.4766
4.92 2.44093  1.47649
4.925 2.44831  1.47637
4.93 2.45569  1.47626
4.935 2.46307  1.47615
4.94 2.47045  1.47604
4.945 2.47783  1.47593
4.95 2.48521  1.47583
4.955 2.49259  1.47572
4.96 2.49997  1.47562
4.965 2.50735  1.47553
4.97 2.51473  1.47543
4.975 2.5221  1.47534
4.98 2.52948  1.47525
4.985 2.53686  1.47516
4.99 2.54423  1.47507
4.995 2.55161  1.47498
5 2.55898  1.4749
5.005 2.56636  1.47481
5.01 2.57373  1.47473
5.015 2.5811  1.47465
5.02 2.58848  1.47457
5.025 2.59585  1.4745
5.03 2.60322  1.47442
5.035 2.6106  1.47435
5.04 2.61797  1.47427
5.045 2.62534  1.4742
5.05 2.63271  1.47413
5.055 2.64008  1.47407
5.06 2.64745  1.474
5.065 2.65482  1.47393
5.07 2.66219  1.47387
5.075 2.66956  1.47381
5.08 2.67693  1.47374
5.085 2.6843  1.47368
5.09 2.69167  1.47362
5.095 2.69903  1.47357
5.1 2.7064  1.47351
5.105 2.71377  1.47345
5.11 2.72114  1.4734
5.115 2.7285  1.47334
5.12 2.73587  1.47329
5.125 2.74324  1.47324
5.13 2.7506  1.47319
5.135 2.75797  1.47314
5.14 2.76533  1.47309
5.145 2.7727  1.47304
5.15 2.78006  1.47299
5.155 2.78743  1.47294
5.16 2.79479  1.4729
5.165 2.80216  1.47285
5.17 2.80952  1.47281
5.175 2.81689  1.47277
5.18 2.82425  1.47272
5.185 2.83161  1.47268
5.19 2.83898  1.47264
5.195 2.84634  1.4726
5.2 2.8537  1.47256
5.205 2.86107  1.47252
5.21 2.86843  1.47248
5.215 2.87579  1.47245
5.22 2.88315  1.47241
5.225 2.89052  1.47237
5.23 2.89788  1.47234
5.235 2.90524  1.4723
5.24 2.9126  1.47227
5.245 2.91996  1.47224
5.25 2.92732  1.4722
5.255 2.93469  1.47217
5.26 2.94205  1.47214
5.265 2.94941  1.47211
5.27 2.95677  1.47208
5.275 2.96413  1.47205
5.28 2.97149  1.47202
5.285 2.97885  1.47199
5.29 2.98621  1.47196
5.295 2.99357  1.47193
5.3 3.00093  1.4719
5.305 3.00829  1.47188
5.31 3.01565  1.47185
5.315 3.02301  1.47182
5.32 3.03036  1.4718
5.325 3.03772  1.47177
5.33 3.04508  1.47175
5.335 3.05244  1.47172
5.34 3.0598  1.4717
5.345 3.06716  1.47167
5.35 3.07452  1.47165
5.355 3.08187  1.47163
5.36 3.08923  1.4716
5.365 3.09659  1.47158
5.37 3.10395  1.47156
5.375 3.11131  1.47154
5.38 3.11866  1.47152
5.385 3.12602  1.4715
5.39 3.13338  1.47148
5.395 3.14074  1.47146
5.4 3.14809  1.47144
5.405 3.15545  1.47142
5.41 3.16281  1.4714
5.415 3.17017  1.47138
5.42 3.17752  1.47136
5.425 3.18488  1.47134
5.43 3.19224  1.47132
5.435 3.19959  1.47131
5.44 3.20695  1.47129
5.445 3.21431  1.47127
5.45 3.22166  1.47126
5.455 3.22902  1.47124
5.46 3.23637  1.47122
5.465 3.24373  1.47121
5.47 3.25109  1.47119
5.475 3.25844  1.47118
5.48 3.2658  1.47116
5.485 3.27315  1.47114
5.49 3.28051  1.47113
5.495 3.28787  1.47112
5.5 3.29522  1.4711
5.505 3.30258  1.47109
5.51 3.30993  1.47107
5.515 3.31729  1.47106
5.52 3.32464  1.47105
5.525 3.332  1.47103
5.53 3.33935  1.47102
5.535 3.34671  1.47101
5.54 3.35406  1.47099
5.545 3.36142  1.47098
5.55 3.36877  1.47097
5.555 3.37613  1.47096
5.56 3.38348  1.47095
5.565 3.39084  1.47093
5.57 3.39819  1.47092
5.575 3.40555  1.47091
5.58 3.4129  1.4709
5.585 3.42026  1.47089
5.59 3.42761  1.47088
5.595 3.43496  1.47087
5.6 3.44232  1.47086
5.605 3.44967  1.47085
5.61 3.45703  1.47084
5.615 3.46438  1.47083
5.62 3.47174  1.47082
5.625 3.47909  1.47081
5.63 3.48644  1.4708
5.635 3.4938  1.47079
5.64 3.50115  1.47078
5.645 3.50851  1.47077
5.65 3.51586  1.47076
5.655 3.52321  1.47075
5.66 3.53057  1.47074
5.665 3.53792  1.47073
5.67 3.54527  1.47072
5.675 3.55263  1.47072
5.68 3.55998  1.47071
5.685 3.56734  1.4707
5.69 3.57469  1.47069
5.695 3.58204  1.47068
5.7 3.5894  1.47068
5.705 3.59675  1.47067
5.71 3.6041  1.47066
5.715 3.61146  1.47065
5.72 3.61881  1.47065
5.725 3.62616  1.47064
5.73 3.63352  1.47063
5.735 3.64087  1.47063
5.74 3.64822  1.47062
5.745 3.65557  1.47061
5.75 3.66293  1.4706
5.755 3.67028  1.4706
5.76 3.67763  1.47059
5.765 3.68499  1.47058
5.77 3.69234  1.47058
5.775 3.69969  1.47057
5.78 3.70705  1.47057
5.785 3.7144  1.47056
5.79 3.72175  1.47055
5.795 3.7291  1.47055
5.8 3.73646  1.47054
5.805 3.74381  1.47054
5.81 3.75116  1.47053
5.815 3.75851  1.47053
5.82 3.76587  1.47052
5.825 3.77322  1.47051
5.83 3.78057  1.47051
5.835 3.78792  1.4705
5.84 3.79528  1.4705
5.845 3.80263  1.47049
5.85 3.80998  1.47049
5.855 3.81733  1.47048
5.86 3.82469  1.47048
5.865 3.83204  1.47047
5.87 3.83939  1.47047
5.875 3.84674  1.47046
5.88 3.8541  1.47046
5.885 3.86145  1.47046
5.89 3.8688  1.47045
5.895 3.87615  1.47045
5.9 3.88351  1.47044
5.905 3.89086  1.47044
5.91 3.89821  1.47043
5.915 3.90556  1.47043
5.92 3.91291  1.47042
5.925 3.92027  1.47042
5.93 3.92762  1.47042
5.935 3.93497  1.47041
5.94 3.94232  1.47041
5.945 3.94967  1.47041
5.95 3.95703  1.4704
5.955 3.96438  1.4704
5.96 3.97173  1.47039
5.965 3.97908  1.47039
5.97 3.98643  1.47039
5.975 3.99379  1.47038
5.98 4.00114  1.47038
5.985 4.00849  1.47038
5.99 4.01584  1.47037
5.995 4.02319  1.47037
6 4.03055  1.47037
6.005 4.0379  1.47036
6.01 4.04525  1.47036
6.015 4.0526  1.47036
6.02 4.05995  1.47035
6.025 4.0673  1.47035
6.03 4.07466  1.47035
6.035 4.08201  1.47034
6.04 4.08936  1.47034
6.045 4.09671  1.47034
6.05 4.10406  1.47034
6.055 4.11142  1.47033
6.06 4.11877  1.47033
6.065 4.12612  1.47033
6.07 4.13347  1.47032
6.075 4.14082  1.47032
6.08 4.14817  1.47032
6.085 4.15553  1.47032
6.09 4.16288  1.47031
6.095 4.17023  1.47031
6.1 4.17758  1.47031
6.105 4.18493  1.47031
6.11 4.19228  1.4703
6.115 4.19963  1.4703
6.12 4.20699  1.4703
6.125 4.21434  1.4703
6.13 4.22169  1.4703
6.135 4.22904  1.47029
6.14 4.23639  1.47029
6.145 4.24374  1.47029
6.15 4.25109  1.47029
6.155 4.25845  1.47028
6.16 4.2658  1.47028
6.165 4.27315  1.47028
6.17 4.2805  1.47028
6.175 4.28785  1.47028
6.18 4.2952  1.47027
6.185 4.30255  1.47027
6.19 4.30991  1.47027
6.195 4.31726  1.47027
6.2 4.32461  1.47027
6.205 4.33196  1.47026
6.21 4.33931  1.47026
6.215 4.34666  1.47026
6.22 4.35401  1.47026
6.225 4.36137  1.47026
6.23 4.36872  1.47026
6.235 4.37607  1.47025
6.24 4.38342  1.47025
6.245 4.39077  1.47025
6.25 4.39812  1.47025
6.255 4.40547  1.47025
6.26 4.41282  1.47025
6.265 4.42018  1.47025
6.27 4.42753  1.47024
6.275 4.43488  1.47024
6.28 4.44223  1.47024
6.285 4.44958  1.47024
6.29 4.45693  1.47024
6.295 4.46428  1.47024
6.3 4.47163  1.47024
6.305 4.47898  1.47023
6.31 4.48634  1.47023
6.315 4.49369  1.47023
6.32 4.50104  1.47023
6.325 4.50839  1.47023
6.33 4.51574  1.47023
6.335 4.52309  1.47023
6.34 4.53044  1.47023
6.345 4.53779  1.47022
6.35 4.54515  1.47022
6.355 4.5525  1.47022
6.36 4.55985  1.47022
6.365 4.5672  1.47022
6.37 4.57455  1.47022
6.375 4.5819  1.47022
6.38 4.58925  1.47022
6.385 4.5966  1.47022
6.39 4.60395  1.47022
6.395 4.61131  1.47021
6.4 4.61866  1.47021
6.405 4.62601  1.47021
6.41 4.63336  1.47021
6.415 4.64071  1.47021
6.42 4.64806  1.47021
6.425 4.65541  1.47021
6.43 4.66276  1.47021
6.435 4.67011  1.47021
6.44 4.67746  1.47021
6.445 4.68482  1.47021
6.45 4.69217  1.47021
6.455 4.69952  1.47021
6.46 4.70687  1.4702
6.465 4.71422  1.4702
6.47 4.72157  1.4702
6.475 4.72892  1.4702
6.48 4.73627  1.4702
6.485 4.74362  1.4702
6.49 4.75097  1.4702
6.495 4.75833  1.4702
6.5 4.76568  1.4702
6.505 4.77303  1.4702
6.51 4.78038  1.4702
6.515 4.78773  1.4702
6.52 4.79508  1.4702
6.525 4.80243  1.4702
6.53 4.80978  1.4702
6.535 4.81713  1.4702
6.54 4.82448  1.4702
6.545 4.83184  1.4702
6.55 4.83919  1.4702
6.555 4.84654  1.47019
6.56 4.85389  1.47019
6.565 4.86124  1.47019
6.57 4.86859  1.47019
6.575 4.87594  1.47019
6.58 4.88329  1.47019
6.585 4.89064  1.47019
6.59 4.89799  1.47019
6.595 4.90535  1.47019
6.6 4.9127  1.47019
6.605 4.92005  1.47019
6.61 4.9274  1.47019
6.615 4.93475  1.47019
6.62 4.9421  1.47019
6.625 4.94945  1.47019
6.63 4.9568  1.47019
6.635 4.96415  1.47019
6.64 4.9715  1.47019
6.645 4.97885  1.47019
6.65 4.98621  1.47019
6.655 4.99356  1.47019
6.66 5.00091  1.47019
6.665 5.00826  1.47019
6.67 5.01561  1.47019
6.675 5.02296  1.47019
6.68 5.03031  1.47019
6.685 5.03766  1.47019
6.69 5.04501  1.47019
6.695 5.05236  1.47019
6.7 5.05972  1.47019
6.705 5.06707  1.47019
6.71 5.07442  1.47019
6.715 5.08177  1.47019
6.72 5.08912  1.47019
6.725 5.09647  1.47019
6.73 5.10382  1.47019
6.735 5.11117  1.47019
6.74 5.11852  1.47019
6.745 5.12587  1.47019
6.75 5.13323  1.47019
6.755 5.14058  1.47019
6.76 5.14793  1.47019
6.765 5.15528  1.47019
6.77 5.16263  1.47019
6.775 5.16998  1.4702
6.78 5.17733  1.4702
6.785 5.18468  1.4702
6.79 5.19203  1.4702
6.795 5.19938  1.4702
6.8 5.20673  1.4702
6.805 5.21409  1.4702
6.81 5.22144  1.4702
6.815 5.22879  1.4702
6.82 5.23614  1.4702
6.825 5.24349  1.4702
6.83 5.25084  1.4702
6.835 5.25819  1.4702
6.84 5.26554  1.4702
6.845 5.27289  1.4702
6.85 5.28024  1.4702
6.855 5.2876  1.4702
6.86 5.29495  1.4702
6.865 5.3023  1.4702
6.87 5.30965  1.47021
6.875 5.317  1.47021
6.88 5.32435  1.47021
6.885 5.3317  1.47021
6.89 5.33905  1.47021
6.895 5.3464  1.47021
6.9 5.35376  1.47021
6.905 5.36111  1.47021
6.91 5.36846  1.47021
6.915 5.37581  1.47021
6.92 5.38316  1.47021
6.925 5.39051  1.47021
6.93 5.39786  1.47021
6.935 5.40521  1.47022
6.94 5.41256  1.47022
6.945 5.41991  1.47022
6.95 5.42727  1.47022
6.955 5.43462  1.47022
6.96 5.44197  1.47022
6.965 5.44932  1.47022
6.97 5.45667  1.47022
6.975 5.46402  1.47022
6.98 5.47137  1.47022
6.985 5.47872  1.47023
6.99 5.48607  1.47023
6.995 5.49343  1.47023
7 5.50078  1.47023
7.005 5.50813  1.47023
7.01 5.51548  1.47023
7.015 5.52283  1.47023
7.02 5.53018  1.47023
7.025 5.53753  1.47024
7.03 5.54488  1.47024
7.035 5.55224  1.47024
7.04 5.55959  1.47024
7.045 5.56694  1.47024
7.05 5.57429  1.47024
7.055 5.58164  1.47024
7.06 5.58899  1.47025
7.065 5.59634  1.47025
7.07 5.60369  1.47025
7.075 5.61104  1.47025
7.08 5.6184  1.47025
7.085 5.62575  1.47025
7.09 5.6331  1.47026
7.095 5.64045  1.47026
7.1 5.6478  1.47026
7.105 5.65515  1.47026
7.11 5.6625  1.47026
7.115 5.66986  1.47026
7.12 5.67721  1.47027
7.125 5.68456  1.47027
7.13 5.69191  1.47027
7.135 5.69926  1.47027
7.14 5.70661  1.47027
7.145 5.71396  1.47027
7.15 5.72131  1.47028
7.155 5.72867  1.47028
7.16 5.73602  1.47028
7.165 5.74337  1.47028
7.17 5.75072  1.47028
7.175 5.75807  1.47029
7.18 5.76542  1.47029
7.185 5.77277  1.47029
7.19 5.78013  1.47029
7.195 5.78748  1.4703
7.2 5.79483  1.4703
7.205 5.80218  1.4703
7.21 5.80953  1.4703
7.215 5.81688  1.4703
7.22 5.82423  1.47031
7.225 5.83159  1.47031
7.23 5.83894  1.47031
7.235 5.84629  1.47031
7.24 5.85364  1.47032
7.245 5.86099  1.47032
7.25 5.86834  1.47032
7.255 5.8757  1.47033
7.26 5.88305  1.47033
7.265 5.8904  1.47033
7.27 5.89775  1.47033
7.275 5.9051  1.47034
7.28 5.91245  1.47034
7.285 5.91981  1.47034
7.29 5.92716  1.47035
7.295 5.93451  1.47035
7.3 5.94186  1.47035
7.305 5.94921  1.47035
7.31 5.95656  1.47036
7.315 5.96392  1.47036
7.32 5.97127  1.47036
7.325 5.97862  1.47037
7.33 5.98597  1.47037
7.335 5.99332  1.47037
7.34 6.00068  1.47038
7.345 6.00803  1.47038
7.35 6.01538  1.47038
7.355 6.02273  1.47039
7.36 6.03008  1.47039
7.365 6.03744  1.47039
7.37 6.04479  1.4704
7.375 6.05214  1.4704
7.38 6.05949  1.47041
7.385 6.06684  1.47041
7.39 6.0742  1.47041
7.395 6.08155  1.47042
7.4 6.0889  1.47042
7.405 6.09625  1.47043
7.41 6.1036  1.47043
7.415 6.11096  1.47043
7.42 6.11831  1.47044
7.425 6.12566  1.47044
7.43 6.13301  1.47045
7.435 6.14036  1.47045
7.44 6.14772  1.47046
7.445 6.15507  1.47046
7.45 6.16242  1.47047
7.455 6.16977  1.47047
7.46 6.17713  1.47047
7.465 6.18448  1.47048
7.47 6.19183  1.47048
7.475 6.19918  1.47049
7.48 6.20654  1.47049
7.485 6.21389  1.4705
7.49 6.22124  1.47051
7.495 6.22859  1.47051
7.5 6.23595  1.47052
7.505 6.2433  1.47052
7.51 6.25065  1.47053
7.515 6.258  1.47053
7.52 6.26536  1.47054
7.525 6.27271  1.47054
7.53 6.28006  1.47055
7.535 6.28741  1.47056
7.54 6.29477  1.47056
7.545 6.30212  1.47057
7.55 6.30947  1.47057
7.555 6.31683  1.47058
7.56 6.32418  1.47059
7.565 6.33153  1.47059
7.57 6.33888  1.4706
7.575 6.34624  1.47061
7.58 6.35359  1.47061
7.585 6.36094  1.47062
7.59 6.3683  1.47063
7.595 6.37565  1.47063
7.6 6.383  1.47064
7.605 6.39036  1.47065
7.61 6.39771  1.47066
7.615 6.40506  1.47066
7.62 6.41242  1.47067
7.625 6.41977  1.47068
7.63 6.42712  1.47069
7.635 6.43448  1.47069
7.64 6.44183  1.4707
7.645 6.44918  1.47071
7.65 6.45654  1.47072
7.655 6.46389  1.47073
7.66 6.47124  1.47074
7.665 6.4786  1.47074
7.67 6.48595  1.47075
7.675 6.49331  1.47076
7.68 6.50066  1.47077
7.685 6.50801  1.47078
7.69 6.51537  1.47079
7.695 6.52272  1.4708
7.7 6.53007  1.47081
7.705 6.53743  1.47082
7.71 6.54478  1.47083
7.715 6.55214  1.47084
7.72 6.55949  1.47085
7.725 6.56685  1.47086
7.73 6.5742  1.47087
7.735 6.58155  1.47088
7.74 6.58891  1.47089
7.745 6.59626  1.4709
7.75 6.60362  1.47091
7.755 6.61097  1.47093
7.76 6.61833  1.47094
7.765 6.62568  1.47095
7.77 6.63304  1.47096
7.775 6.64039  1.47097
7.78 6.64775  1.47098
7.785 6.6551  1.471
7.79 6.66246  1.47101
7.795 6.66981  1.47102
7.8 6.67717  1.47104
7.805 6.68452  1.47105
7.81 6.69188  1.47106
7.815 6.69923  1.47108
7.82 6.70659  1.47109
7.825 6.71394  1.4711
7.83 6.7213  1.47112
7.835 6.72865  1.47113
7.84 6.73601  1.47115
7.845 6.74336  1.47116
7.85 6.75072  1.47118
7.855 6.75808  1.47119
7.86 6.76543  1.47121
7.865 6.77279  1.47123
7.87 6.78014  1.47124
7.875 6.7875  1.47126
7.88 6.79486  1.47128
7.885 6.80221  1.47129
7.89 6.80957  1.47131
7.895 6.81693  1.47133
7.9 6.82428  1.47135
7.905 6.83164  1.47136
7.91 6.839  1.47138
7.915 6.84635  1.4714
7.92 6.85371  1.47142
7.925 6.86107  1.47144
7.93 6.86843  1.47146
7.935 6.87578  1.47148
7.94 6.88314  1.4715
7.945 6.8905  1.47152
7.95 6.89785  1.47154
7.955 6.90521  1.47157
7.96 6.91257  1.47159
7.965 6.91993  1.47161
7.97 6.92729  1.47163
7.975 6.93464  1.47166
7.98 6.942  1.47168
7.985 6.94936  1.4717
7.99 6.95672  1.47173
7.995 6.96408  1.47175
8 6.97144  1.47178
8.005 6.9788  1.4718
8.01 6.98616  1.47183
8.015 6.99351  1.47186
8.02 7.00087  1.47188
8.025 7.00823  1.47191
8.03 7.01559  1.47194
8.035 7.02295  1.47197
8.04 7.03031  1.47199
8.045 7.03767  1.47202
8.05 7.04503  1.47205
8.055 7.05239  1.47208
8.06 7.05975  1.47212
8.065 7.06711  1.47215
8.07 7.07447  1.47218
8.075 7.08183  1.47221
8.08 7.0892  1.47224
8.085 7.09656  1.47228
8.09 7.10392  1.47231
8.095 7.11128  1.47235
8.1 7.11864  1.47238
8.105 7.126  1.47242
8.11 7.13337  1.47246
8.115 7.14073  1.47249
8.12 7.14809  1.47253
8.125 7.15545  1.47257
8.13 7.16282  1.47261
8.135 7.17018  1.47265
8.14 7.17754  1.47269
8.145 7.18491  1.47273
8.15 7.19227  1.47278
8.155 7.19963  1.47282
8.16 7.207  1.47286
8.165 7.21436  1.47291
8.17 7.22173  1.47296
8.175 7.22909  1.473
8.18 7.23646  1.47305
8.185 7.24382  1.4731
8.19 7.25119  1.47315
8.195 7.25855  1.4732
8.2 7.26592  1.47325
8.205 7.27328  1.4733
8.21 7.28065  1.47336
8.215 7.28802  1.47341
8.22 7.29539  1.47347
8.225 7.30275  1.47352
8.23 7.31012  1.47358
8.235 7.31749  1.47364
8.24 7.32486  1.4737
8.245 7.33222  1.47376
8.25 7.33959  1.47382
8.255 7.34696  1.47388
8.26 7.35433  1.47395
8.265 7.3617  1.47402
8.27 7.36907  1.47408
8.275 7.37644  1.47415
8.28 7.38381  1.47422
8.285 7.39118  1.47429
8.29 7.39856  1.47436
8.295 7.40593  1.47444
8.3 7.4133  1.47451
8.305 7.42067  1.47459
8.31 7.42805  1.47467
8.315 7.43542  1.47475
8.32 7.44279  1.47483
8.325 7.45017  1.47492
8.33 7.45754  1.475
8.335 7.46492  1.47509
8.34 7.47229  1.47518
8.345 7.47967  1.47527
8.35 7.48704  1.47536
8.355 7.49442  1.47545
8.36 7.5018  1.47555
8.365 7.50918  1.47565
8.37 7.51655  1.47575
8.375 7.52393  1.47585
8.38 7.53131  1.47596
8.385 7.53869  1.47606
8.39 7.54607  1.47617
8.395 7.55345  1.47628
8.4 7.56083  1.4764
8.405 7.56822  1.47651
8.41 7.5756  1.47663
8.415 7.58298  1.47675
8.42 7.59037  1.47688
8.425 7.59775  1.477
8.43 7.60514  1.47713
8.435 7.61252  1.47727
8.44 7.61991  1.4774
8.445 7.62729  1.47754
8.45 7.63468  1.47768
8.455 7.64207  1.47782
8.46 7.64946  1.47797
8.465 7.65685  1.47812
8.47 7.66424  1.47827
8.475 7.67163  1.47843
8.48 7.67902  1.47859
8.485 7.68642  1.47876
8.49 7.69381  1.47892
8.495 7.7012  1.4791
8.5 7.7086  1.47927
8.505 7.716  1.47945
8.51 7.72339  1.47964
8.515 7.73079  1.47982
8.52 7.73819  1.48002
8.525 7.74559  1.48021
8.53 7.75299  1.48041
8.535 7.76039  1.48062
8.54 7.7678  1.48083
8.545 7.7752  1.48105
8.55 7.78261  1.48127
8.555 7.79001  1.48149
8.56 7.79742  1.48172
8.565 7.80483  1.48196
8.57 7.81224  1.4822
8.575 7.81965  1.48245
8.58 7.82706  1.4827
8.585 7.83448  1.48296
8.59 7.84189  1.48323
8.595 7.84931  1.4835
8.6 7.85672  1.48378
8.605 7.86414  1.48407
8.61 7.87156  1.48436
8.615 7.87899  1.48466
8.62 7.88641  1.48497
8.625 7.89383  1.48528
8.63 7.90126  1.4856
8.635 7.90869  1.48593
8.64 7.91612  1.48627
8.645 7.92355  1.48662
8.65 7.93098  1.48698
8.655 7.93842  1.48734
8.66 7.94585  1.48771
8.665 7.95329  1.4881
8.67 7.96073  1.48849
8.675 7.96817  1.48889
8.68 7.97562  1.48931
8.685 7.98307  1.48973
8.69 7.99051  1.49017
8.695 7.99797  1.49061
8.7 8.00542  1.49107
8.705 8.01287  1.49154
8.71 8.02033  1.49203
8.715 8.02779  1.49252
8.72 8.03525  1.49303
8.725 8.04272  1.49355
8.73 8.05019  1.49409
8.735 8.05766  1.49464
8.74 8.06513  1.4952
8.745 8.07261  1.49578
8.75 8.08009  1.49638
8.755 8.08757  1.49699
8.76 8.09505  1.49761
8.765 8.10254  1.49826
8.77 8.11003  1.49892
8.775 8.11753  1.4996
8.78 8.12502  1.5003
8.785 8.13253  1.50102
8.79 8.14003  1.50176
8.795 8.14754  1.50252
8.8 8.15505  1.50331
8.805 8.16257  1.50411
8.81 8.17009  1.50494
8.815 8.17761  1.50579
8.82 8.18514  1.50666
8.825 8.19268  1.50756
8.83 8.20021  1.50848
8.835 8.20776  1.50944
8.84 8.2153  1.51042
8.845 8.22286  1.51142
8.85 8.23041  1.51246
8.855 8.23798  1.51353
8.86 8.24554  1.51463
8.865 8.25312  1.51576
8.87 8.2607  1.51693
8.875 8.26828  1.51813
8.88 8.27587  1.51937
8.885 8.28347  1.52064
8.89 8.29107  1.52195
8.895 8.29868  1.52331
8.9 8.3063  1.5247
8.905 8.31392  1.52614
8.91 8.32155  1.52762
8.915 8.32919  1.52915
8.92 8.33683  1.53072
8.925 8.34449  1.53235
8.93 8.35215  1.53402
8.935 8.35982  1.53575
8.94 8.3675  1.53753
8.945 8.37519  1.53937
8.95 8.38288  1.54127
8.955 8.39059  1.54323
8.96 8.39831  1.54525
8.965 8.40603  1.54734
8.97 8.41377  1.54949
8.975 8.42152  1.55172
8.98 8.42927  1.55401
8.985 8.43704  1.55639
8.99 8.44483  1.55884
8.995 8.45262  1.56138
9 8.46043  1.56399
9.005 8.46825  1.5667
9.01 8.47608  1.5695
9.015 8.48393  1.57239
9.02 8.49179  1.57538
9.025 8.49967  1.57848
9.03 8.50756  1.58167
9.035 8.51547  1.58498
9.04 8.52339  1.58841
9.045 8.53134  1.59195
9.05 8.5393  1.59561
9.055 8.54727  1.59941
9.06 8.55527  1.60333
9.065 8.56329  1.6074
9.07 8.57132  1.61161
9.075 8.57938  1.61596
9.08 8.58746  1.62048
9.085 8.59556  1.62515
9.09 8.60369  1.62999
9.095 8.61184  1.63501
9.1 8.62002  1.64021
9.105 8.62822  1.64559
9.11 8.63644  1.65117
9.115 8.6447  1.65695
9.12 8.65298  1.66294
9.125 8.6613  1.66915
9.13 8.66965  1.67558
9.135 8.67802  1.68225
9.14 8.68643  1.68916
9.145 8.69488  1.69632
9.15 8.70336  1.70374
9.155 8.71188  1.71143
9.16 8.72044  1.71939
9.165 8.72903  1.72764
9.17 8.73767  1.73619
9.175 8.74635  1.74503
9.18 8.75508  1.75418
9.185 8.76385  1.76365
9.19 8.77267  1.77344
9.195 8.78154  1.78356
9.2 8.79045  1.79401
9.205 8.79942  1.80479
9.21 8.80845  1.81591
9.215 8.81753  1.82735
9.22 8.82666  1.83913
9.225 8.83586  1.85121
9.23 8.84511  1.8636
9.235 8.85443  1.87627
9.24 8.86381  1.88919
9.245 8.87326  1.90233
9.25 8.88277  1.91563
9.255 8.89235  1.92905
9.26 8.902  1.9425
9.265 8.91171  1.95588
9.27 8.92149  1.9691
9.275 8.93133  1.98198
9.28 8.94124  1.99437
9.285 8.95121  2.00604
9.29 8.96124  2.01673
9.295 8.97133  2.02611
9.3 8.98146  2.03379
9.305 8.99163  2.03929
9.31 9.00182  2.04205
9.315 9.01203  2.04138
9.32 9.02224  2.03646
9.325 9.03242  2.02632
9.33 9.04256  2.00979
9.335 9.0526  1.98554
9.34 9.06253  1.952
9.345 9.07229  1.90738
9.35 9.08183  1.84969
9.355 9.09108  1.77672
9.36 9.09996  1.68616
9.365 9.10839  1.57565
9.37 9.11627  1.44298
9.375 9.12348  1.28629
9.38 9.12992  1.10437
9.385 9.13544  0.896989
9.39 9.13992  0.665243
9.395 9.14325  0.411824
9.4 9.14531  0.141146
9.405 9.14601  -0.140751
9.41 9.14531  -0.426592
9.415 9.14318  -0.7085
9.42 9.13963  -0.978794
9.425 9.13474  -1.23077
9.43 9.12859  -1.4593
9.435 9.12129  -1.66117
9.44 9.11298  -1.83507
9.445 9.10381  -1.98132
9.45 9.0939  -2.10153
9.455 9.0834  -2.19808
9.46 9.0724  -2.27382
9.465 9.06104  -2.33168
9.47 9.04938  -2.3745
9.475 9.0375  -2.40486
9.48 9.02548  -2.42507
9.485 9.01336  -2.43711
9.49 9.00117  -2.44265
9.495 8.98896  -2.44308
9.5 8.97674  -2.43953
9.505 8.96454  -2.43295
9.51 8.95238  -2.42408
9.515 8.94026  -2.41353
9.52 8.92819  -2.40178
9.525 8.91618  -2.38921
9.53 8.90424  -2.37613
9.535 8.89235  -2.36277
9.54 8.88054  -2.34932
9.545 8.86879  -2.33592
9.55 8.85711  -2.32269
9.555 8.8455  -2.3097
9.56 8.83395  -2.29703
9.565 8.82247  -2.2847
9.57 8.81104  -2.27275
9.575 8.79968  -2.26121
9.58 8.78837  -2.25009
9.585 8.77712  -2.23938
9.59 8.76593  -2.2291
9.595 8.75478  -2.21923
9.6 8.74369  -2.20977
9.605 8.73264  -2.20072
9.61 8.72163  -2.19205
9.615 8.71067  -2.18376
9.62 8.69975  -2.17583
9.625 8.68887  -2.16826
9.63 8.67803  -2.16103
9.635 8.66723  -2.15412
9.64 8.65646  -2.14752
9.645 8.64572  -2.14121
9.65 8.63501  -2.1352
9.655 8.62434  -2.12945
9.66 8.61369  -2.12397
9.665 8.60307  -2.11873
9.67 8.59248  -2.11373
9.675 8.58191  -2.10895
9.68 8.57136  -2.10439
9.685 8.56084  -2.10003
9.69 8.55034  -2.09586
9.695 8.53986  -2.09188
9.7 8.5294  -2.08808
9.705 8.51896  -2.08445
9.71 8.50854  -2.08097
9.715 8.49814  -2.07765
9.72 8.48775  -2.07447
9.725 8.47737  -2.07143
9.73 8.46702  -2.06852
9.735 8.45668  -2.06574
9.74 8.44635  -2.06308
9.745 8.43603  -2.06052
9.75 8.42573  -2.05808
9.755 8.41544  -2.05574
9.76 8.40516  -2.0535
9.765 8.39489  -2.05135
9.77 8.38464  -2.0493
9.775 8.37439  -2.04732
9.78 8.36415  -2.04543
9.785 8.35392  -2.04362
9.79 8.34371  -2.04188
9.795 8.3335  -2.04021
9.8 8.3233  -2.03861
9.805 8.3131  -2.03707
9.81 8.30292  -2.03559
9.815 8.29274  -2.03417
9.82 8.28257  -2.03281
9.825 8.2724  -2.0315
9.83 8.26225  -2.03025
9.835 8.2521  -2.02904
9.84 8.24195  -2.02788
9.845 8.23181  -2.02676
9.85 8.22168  -2.02569
9.855 8.21155  -2.02465
9.86 8.20143  -2.02366
9.865 8.19131  -2.0227
9.87 8.18119  -2.02178
9.875 8.17109  -2.0209
9.88 8.16098  -2.02004
9.885 8.15088  -2.01922
9.89 8.14078  -2.01843
9.895 8.13069  -2.01767
9.9 8.1206  -2.01693
9.905 8.11052  -2.01622
9.91 8.10044  -2.01554
9.915 8.09036  -2.01488
9.92 8.08029  -2.01425
9.925 8.07022  -2.01364
9.93 8.06015  -2.01305
9.935 8.05008  -2.01248
9.94 8.04002  -2.01193
9.945 8.02996  -2.0114
9.95 8.0199  -2.01089
9.955 8.00985  -2.01039
9.96 7.9998  -2.00991
9.965 7.98975  -2.00945
9.97 7.9797  -2.00901
9.975 7.96965  -2.00858
9.98 7.95961  -2.00816
9.985 7.94957  -2.00776
9.99 7.93953  -2.00737
9.995 7.92949  -2.007
10 7.91946  -2.00663
10.005 7.90943  -2.00628
10.01 7.8994  -2.00594
10.015 7.88937  -2.00561
10.02 7.87934  -2.0053
10.025 7.86931  -2.00499
10.03 7.85929  -2.00469
10.035 7.84926  -2.0044
10.04 7.83924  -2.00412
10.045 7.82922  -2.00385
10.05 7.8192  -2.00359
10.055 7.80918  -2.00334
10.06 7.79917  -2.00309
10.065 7.78915  -2.00285
10.07 7.77914  -2.00262
10.075 7.76912  -2.0024
10.08 7.75911  -2.00218
10.085 7.7491  -2.00197
10.09 7.73909  -2.00177
10.095 7.72908  -2.00157
10.1 7.71907  -2.00138
10.105 7.70907  -2.0012
10.11 7.69906  -2.00102
10.115 7.68906  -2.00084
10.12 7.67905  -2.00067
10.125 7.66905  -2.00051
10.13 7.65905  -2.00035
10.135 7.64904  -2.0002
10.14 7.63904  -2.00005
10.145 7.62904  -1.9999
10.15 7.61904  -1.99976
10.155 7.60904  -1.99962
10.16 7.59905  -1.99949
10.165 7.58905  -1.99936
10.17 7.57905  -1.99923
10.175 7.56906  -1.99911
10.18 7.55906  -1.99899
10.185 7.54907  -1.99887
10.19 7.53907  -1.99876
10.195 7.52908  -1.99865
10.2 7.51908  -1.99855
10.205 7.50909  -1.99844
10.21 7.4991  -1.99834
10.215 7.48911  -1.99824
10.22 7.47912  -1.99815
10.225 7.46913  -1.99806
10.23 7.45914  -1.99797
10.235 7.44915  -1.99788
10.24 7.43916  -1.9978
10.245 7.42917  -1.99771
10.25 7.41918  -1.99763
10.255 7.40919  -1.99755
10.26 7.3992  -1.99748
10.265 7.38922  -1.9974
10.27 7.37923  -1.99733
10.275 7.36924  -1.99726
10.28 7.35926  -1.99719
10.285 7.34927  -1.99713
10.29 7.33928  -1.99706
10.295 7.3293  -1.997
10.3 7.31931  -1.99694
10.305 7.30933  -1.99688
10.31 7.29934  -1.99682
10.315 7.28936  -1.99676
10.32 7.27938  -1.9967
10.325 7.26939  -1.99665
10.33 7.25941  -1.9966
10.335 7.24943  -1.99655
10.34 7.23944  -1.9965
10.345 7.22946  -1.99645
10.35 7.21948  -1.9964
10.355 7.2095  -1.99635
10.36 7.19952  -1.99631
10.365 7.18953  -1.99626
10.37 7.17955  -1.99622
10.375 7.16957  -1.99618
10.38 7.15959  -1.99614
10.385 7.14961  -1.9961
10.39 7.13963  -1.99606
10.395 7.12965  -1.99602
10.4 7.11967  -1.99598
10.405 7.10969  -1.99595
10.41 7.09971  -1.99591
10.415 7.08973  -1.99588
10.42 7.07975  -1.99584
10.425 7.06977  -1.99581
10.43 7.05979  -1.99578
10.435 7.04981  -1.99574
10.44 7.03983  -1.99571
10.445 7.02986  -1.99568
10.45 7.01988  -1.99565
10.455 7.0099  -1.99563
10.46 6.99992  -1.9956
10.465 6.98994  -1.99557
10.47 6.97997  -1.99554
10.475 6.96999  -1.99552
10.48 6.96001  -1.99549
10.485 6.95003  -1.99547
10.49 6.94006  -1.99544
10.495 6.93008  -1.99542
10.5 6.9201  -1.9954
10.505 6.91012  -1.99537
10.51 6.90015  -1.99535
10.515 6.89017  -1.99533
10.52 6.88019  -1.99531
10.525 6.87022  -1.99529
10.53 6.86024  -1.99527
10.535 6.85026  -1.99525
10.54 6.84029  -1.99523
10.545 6.83031  -1.99521
10.55 6.82034  -1.99519
10.555 6.81036  -1.99517
10.56 6.80038  -1.99515
10.565 6.79041  -1.99514
10.57 6.78043  -1.99512
10.575 6.77046  -1.9951
10.58 6.76048  -1.99509
10.585 6.75051  -1.99507
10.59 6.74053  -1.99506
10.595 6.73056  -1.99504
10.6 6.72058  -1.99503
10.605 6.71061  -1.99501
10.61 6.70063  -1.995
10.615 6.69066  -1.99498
10.62 6.68068  -1.99497
10.625 6.67071  -1.99496
10.63 6.66073  -1.99494
10.635 6.65076  -1.99493
10.64 6.64078  -1.99492
10.645 6.63081  -1.9949
10.65 6.62083  -1.99489
10.655 6.61086  -1.99488
10.66 6.60088  -1.99487
10.665 6.59091  -1.99486
10.67 6.58093  -1.99485
10.675 6.57096  -1.99484
10.68 6.56099  -1.99483
10.685 6.55101  -1.99481
10.69 6.54104  -1.9948
10.695 6.53106  -1.99479
10.7 6.52109  -1.99478
10.705 6.51112  -1.99478
10.71 6.50114  -1.99477
10.715 6.49117  -1.99476
10.72 6.48119  -1.99475
10.725 6.47122  -1.99474
10.73 6.46125  -1.99473
10.735 6.45127  -1.99472
10.74 6.4413  -1.99471
10.745 6.43133  -1.99471
10.75 6.42135  -1.9947
10.755 6.41138  -1.99469
10.76 6.40141  -1.99468
10.765 6.39143  -1.99467
10.77 6.38146  -1.99467
10.775 6.37149  -1.99466
10.78 6.36151  -1.99465
10.785 6.35154  -1.99465
10.79 6.34157  -1.99464
10.795 6.33159  -1.99463
10.8 6.32162  -1.99463
10.805 6.31165  -1.99462
10.81 6.30167  -1.99461
10.815 6.2917  -1.99461
10.82 6.28173  -1.9946
10.825 6.27175  -1.99459
10.83 6.26178  -1.99459
10.835 6.25181  -1.99458
10.84 6.24184  -1.99458
10.845 6.23186  -1.99457
10.85 6.22189  -1.99457
10.855 6.21192  -1.99456
10.86 6.20194  -1.99456
10.865 6.19197  -1.99455
10.87 6.182  -1.99455
10.875 6.17203  -1.99454
10.88 6.16205  -1.99454
10.885 6.15208  -1.99453
10.89 6.14211  -1.99453
10.895 6.13214  -1.99452
10.9 6.12216  -1.99452
10.905 6.11219  -1.99451
10.91 6.10222  -1.99451
10.915 6.09224  -1.9945
10.92 6.08227  -1.9945
10.925 6.0723  -1.9945
10.93 6.06233  -1.99449
10.935 6.05235  -1.99449
10.94 6.04238  -1.99448
10.945 6.03241  -1.99448
10.95 6.02244  -1.99448
10.955 6.01247  -1.99447
10.96 6.00249  -1.99447
10.965 5.99252  -1.99447
10.97 5.98255  -1.99446
10.975 5.97258  -1.99446
10.98 5.9626  -1.99446
10.985 5.95263  -1.99445
10.99 5.94266  -1.99445
10.995 5.93269  -1.99445
11 5.92271  -1.99444
11.005 5.91274  -1.99444
11.01 5.90277  -1.99444
11.015 5.8928  -1.99444
11.02 5.88283  -1.99443
11.025 5.87285  -1.99443
11.03 5.86288  -1.99443
11.035 5.85291  -1.99442
11.04 5.84294  -1.99442
11.045 5.83296  -1.99442
11.05 5.82299  -1.99442
11.055 5.81302  -1.99441
11.06 5.80305  -1.99441
11.065 5.79308  -1.99441
11.07 5.7831  -1.99441
11.075 5.77313  -1.99441
11.08 5.76316  -1.9944
11.085 5.75319  -1.9944
11.09 5.74322  -1.9944
11.095 5.73324  -1.9944
11.1 5.72327  -1.99439
11.105 5.7133  -1.99439
11.11 5.70333  -1.99439
11.115 5.69336  -1.99439
11.12 5.68338  -1.99439
11.125 5.67341  -1.99439
11.13 5.66344  -1.99438
11.135 5.65347  -1.99438
11.14 5.6435  -1.99438
11.145 5.63353  -1.99438
11.15 5.62355  -1.99438
11.155 5.61358  -1.99438
11.16 5.60361  -1.99437
11.165 5.59364  -1.99437
11.17 5.58367  -1.99437
11.175 5.57369  -1.99437
11.18 5.56372  -1.99437
11.185 5.55375  -1.99437
11.19 5.54378  -1.99436
11.195 5.53381  -1.99436
11.2 5.52383  -1.99436
11.205 5.51386  -1.99436
11.21 5.50389  -1.99436
11.215 5.49392  -1.99436
11.22 5.48395  -1.99436
11.225 5.47398  -1.99436
11.23 5.464  -1.99435
11.235 5.45403  -1.99435
11.24 5.44406  -1.99435
11.245 5.43409  -1.99435
11.25 5.42412  -1.99435
11.255 5.41415  -1.99435
11.26 5.40417  -1.99435
11.265 5.3942  -1.99435
11.27 5.38423  -1.99435
11.275 5.37426  -1.99435
11.28 5.36429  -1.99435
11.285 5.35431  -1.99434
11.29 5.34434  -1.99434
11.295 5.33437  -1.99434
11.3 5.3244  -1.99434
11.305 5.31443  -1.99434
11.31 5.30446  -1.99434
11.315 5.29448  -1.99434
11.32 5.28451  -1.99434
11.325 5.27454  -1.99434
11.33 5.26457  -1.99434
11.335 5.2546  -1.99434
11.34 5.24463  -1.99434
11.345 5.23465  -1.99434
11.35 5.22468  -1.99434
11.355 5.21471  -1.99434
11.36 5.20474  -1.99433
11.365 5.19477  -1.99433
11.37 5.1848  -1.99433
11.375 5.17482  -1.99433
11.38 5.16485  -1.99433
11.385 5.15488  -1.99433
11.39 5.14491  -1.99433
11.395 5.13494  -1.99433
11.4 5.12497  -1.99433
11.405 5.11499  -1.99433
11.41 5.10502  -1.99433
11.415 5.09505  -1.99433
11.42 5.08508  -1.99433
11.425 5.07511  -1.99433
11.43 5.06514  -1.99433
11.435 5.05516  -1.99433
11.44 5.04519  -1.99433
11.445 5.03522  -1.99433
11.45 5.02525  -1.99433
11.455 5.01528  -1.99433
11.46 5.00531  -1.99433
11.465 4.99533  -1.99433
11.47 4.98536  -1.99433
11.475 4.97539  -1.99433
11.48 4.96542  -1.99433
11.485 4.95545  -1.99433
11.49 4.94548  -1.99433
11.495 4.9355  -1.99433
11.5 4.92553  -1.99433
11.505 4.91556  -1.99433
11.51 4.90559  -1.99433
11.515 4.89562  -1.99433
11.52 4.88565  -1.99433
11.525 4.87567  -1.99433
11.53 4.8657  -1.99433
11.535 4.85573  -1.99433
11.54 4.84576  -1.99433
11.545 4.83579  -1.99433
11.55 4.82582  -1.99433
11.555 4.81584  -1.99433
11.56 4.80587  -1.99433
11.565 4.7959  -1.99433
11.57 4.78593  -1.99433
11.575 4.77596  -1.99434
11.58 4.76599  -1.99434
11.585 4.75601  -1.99434
11.59 4.74604  -1.99434
11.595 4.73607  -1.99434
11.6 4.7261  -1.99434
11.605 4.71613  -1.99434
11.61 4.70616  -1.99434
11.615 4.69618  -1.99434
11.62 4.68621  -1.99434
11.625 4.67624  -1.99434
11.63 4.66627  -1.99434
11.635 4.6563  -1.99434
11.64 4.64633  -1.99434
11.645 4.63635  -1.99434
11.65 4.62638  -1.99435
11.655 4.61641  -1.99435
11.66 4.60644  -1.99435
11.665 4.59647  -1.99435
11.67 4.5865  -1.99435
11.675 4.57652  -1.99435
11.68 4.56655  -1.99435
11.685 4.55658  -1.99435
11.69 4.54661  -1.99435
11.695 4.53664  -1.99435
11.7 4.52667  -1.99435
11.705 4.51669  -1.99436
11.71 4.50672  -1.99436
11.715 4.49675  -1.99436
11.72 4.48678  -1.99436
11.725 4.47681  -1.99436
11.73 4.46683  -1.99436
11.735 4.45686  -1.99436
11.74 4.44689  -1.99436
11.745 4.43692  -1.99437
11.75 4.42695  -1.99437
11.755 4.41698  -1.99437
11.76 4.407  -1.99437
11.765 4.39703  -1.99437
11.77 4.38706  -1.99437
11.775 4.37709  -1.99438
11.78 4.36712  -1.99438
11.785 4.35714  -1.99438
11.79 4.34717  -1.99438
11.795 4.3372  -1.99438
11.8 4.32723  -1.99438
11.805 4.31726  -1.99439
11.81 4.30728  -1.99439
11.815 4.29731  -1.99439
11.82 4.28734  -1.99439
11.825 4.27737  -1.99439
11.83 4.2674  -1.99439
11.835 4.25742  -1.9944
11.84 4.24745  -1.9944
11.845 4.23748  -1.9944
11.85 4.22751  -1.9944
11.855 4.21754  -1.99441
11.86 4.20756  -1.99441
11.865 4.19759  -1.99441
11.87 4.18762  -1.99441
11.875 4.17765  -1.99441
11.88 4.16768  -1.99442
11.885 4.1577  -1.99442
11.89 4.14773  -1.99442
11.895 4.13776  -1.99442
11.9 4.12779  -1.99443
11.905 4.11782  -1.99443
11.91 4.10784  -1.99443
11.915 4.09787  -1.99444
11.92 4.0879  -1.99444
11.925 4.07793  -1.99444
11.93 4.06796  -1.99444
11.935 4.05798  -1.99445
11.94 4.04801  -1.99445
11.945 4.03804  -1.99445
11.95 4.02807  -1.99446
11.955 4.01809  -1.99446
11.96 4.00812  -1.99446
11.965 3.99815  -1.99447
11.97 3.98818  -1.99447
11.975 3.9782  -1.99447
11.98 3.96823  -1.99448
11.985 3.95826  -1.99448
11.99 3.94829  -1.99448
11.995 3.93831  -1.99449
12 3.92834  -1.99449
12.005 3.91837  -1.9945
12.01 3.9084  -1.9945
12.015 3.89843  -1.9945
12.02 3.88845  -1.99451
12.025 3.87848  -1.99451
12.03 3.86851  -1.99452
12.035 3.85853  -1.99452
12.04 3.84856  -1.99453
12.045 3.83859  -1.99453
12.05 3.82862  -1.99454
12.055 3.81864  -1.99454
12.06 3.80867  -1.99455
12.065 3.7987  -1.99455
12.07 3.78873  -1.99456
12.075 3.77875  -1.99456
12.08 3.76878  -1.99457
12.085 3.75881  -1.99457
12.09 3.74883  -1.99458
12.095 3.73886  -1.99458
12.1 3.72889  -1.99459
12.105 3.71892  -1.99459
12.11 3.70894  -1.9946
12.115 3.69897  -1.99461
12.12 3.689  -1.99461
12.125 3.67902  -1.99462
12.13 3.66905  -1.99462
12.135 3.65908  -1.99463
12.14 3.6491  -1.99464
12.145 3.63913  -1.99464
12.15 3.62916  -1.99465
12.155 3.61918  -1.99466
12.16 3.60921  -1.99467
12.165 3.59924  -1.99467
12.17 3.58926  -1.99468
12.175 3.57929  -1.99469
12.18 3.56932  -1.9947
12.185 3.55934  -1.9947
12.19 3.54937  -1.99471
12.195 3.5394  -1.99472
12.2 3.52942  -1.99473
12.205 3.51945  -1.99474
12.21 3.50948  -1.99475
12.215 3.4995  -1.99476
12.22 3.48953  -1.99477
12.225 3.47956  -1.99477
12.23 3.46958  -1.99478
12.235 3.45961  -1.99479
12.24 3.44963  -1.9948
12.245 3.43966  -1.99481
12.25 3.42969  -1.99482
12.255 3.41971  -1.99484
12.26 3.40974  -1.99485
12.265 3.39976  -1.99486
12.27 3.38979  -1.99487
12.275 3.37981  -1.99488
12.28 3.36984  -1.99489
12.285 3.35987  -1.9949
12.29 3.34989  -1.99492
12.295 3.33992  -1.99493
12.3 3.32994  -1.99494
12.305 3.31997  -1.99495
12.31 3.30999  -1.99497
12.315 3.30002  -1.99498
12.32 3.29004  -1.995
12.325 3.28007  -1.99501
12.33 3.27009  -1.99502
12.335 3.26012  -1.99504
12.34 3.25014  -1.99505
12.345 3.24017  -1.99507
12.35 3.23019  -1.99509
12.355 3.22022  -1.9951
12.36 3.21024  -1.99512
12.365 3.20026  -1.99514
12.37 3.19029  -1.99515
12.375 3.18031  -1.99517
12.38 3.17034  -1.99519
12.385 3.16036  -1.99521
12.39 3.15039  -1.99523
12.395 3.14041  -1.99525
12.4 3.13043  -1.99527
12.405 3.12046  -1.99529
12.41 3.11048  -1.99531
12.415 3.1005  -1.99533
12.42 3.09053  -1.99535
12.425 3.08055  -1.99537
12.43 3.07057  -1.99539
12.435 3.0606  -1.99542
12.44 3.05062  -1.99544
12.445 3.04064  -1.99547
12.45 3.03067  -1.99549
12.455 3.02069  -1.99552
12.46 3.01071  -1.99554
12.465 3.00073  -1.99557
12.47 2.99075  -1.9956
12.475 2.98078  -1.99562
12.48 2.9708  -1.99565
12.485 2.96082  -1.99568
12.49 2.95084  -1.99571
12.495 2.94086  -1.99574
12.5 2.93088  -1.99577
12.505 2.92091  -1.99581
12.51 2.91093  -1.99584
12.515 2.90095  -1.99587
12.52 2.89097  -1.99591
12.525 2.88099  -1.99594
12.53 2.87101  -1.99598
12.535 2.86103  -1.99602
12.54 2.85105  -1.99605
12.545 2.84107  -1.99609
12.55 2.83109  -1.99613
12.555 2.82111  -1.99617
12.56 2.81113  -1.99622
12.565 2.80115  -1.99626
12.57 2.79116  -1.9963
12.575 2.78118  -1.99635
12.58 2.7712  -1.9964
12.585 2.76122  -1.99644
12.59 2.75124  -1.99649
12.595 2.74125  -1.99654
12.6 2.73127  -1.99659
12.605 2.72129  -1.99665
12.61 2.71131  -1.9967
12.615 2.70132  -1.99676
12.62 2.69134  -1.99681
12.625 2.68135  -1.99687
12.63 2.67137  -1.99693
12.635 2.66138  -1.99699
12.64 2.6514  -1.99706
12.645 2.64141  -1.99712
12.65 2.63143  -1.99719
12.655 2.62144  -1.99726
12.66 2.61146  -1.99733
12.665 2.60147  -1.9974
12.67 2.59148  -1.99747
12.675 2.5815  -1.99755
12.68 2.57151  -1.99763
12.685 2.56152  -1.99771
12.69 2.55153  -1.99779
12.695 2.54154  -1.99787
12.7 2.53155  -1.99796
12.705 2.52156  -1.99805
12.71 2.51157  -1.99814
12.715 2.50158  -1.99824
12.72 2.49159  -1.99834
12.725 2.4816  -1.99844
12.73 2.47161  -1.99854
12.735 2.46161  -1.99865
12.74 2.45162  -1.99875
12.745 2.44163  -1.99887
12.75 2.43163  -1.99898
12.755 2.42164  -1.9991
12.76 2.41164  -1.99922
12.765 2.40165  -1.99935
12.77 2.39165  -1.99948
12.775 2.38165  -1.99961
12.78 2.37165  -1.99975
12.785 2.36166  -1.99989
12.79 2.35166  -2.00004
12.795 2.34166  -2.00019
12.8 2.33166  -2.00034
12.805 2.32165  -2.0005
12.81 2.31165  -2.00066
12.815 2.30165  -2.00083
12.82 2.29164  -2.00101
12.825 2.28164  -2.00119
12.83 2.27163  -2.00137
12.835 2.26163  -2.00156
12.84 2.25162  -2.00176
12.845 2.24161  -2.00196
12.85 2.2316  -2.00217
12.855 2.22159  -2.00239
12.86 2.21158  -2.00261
12.865 2.20156  -2.00284
12.87 2.19155  -2.00308
12.875 2.18153  -2.00332
12.88 2.17152  -2.00357
12.885 2.1615  -2.00383
12.89 2.15148  -2.0041
12.895 2.14146  -2.00438
12.9 2.13144  -2.00467
12.905 2.12141  -2.00497
12.91 2.11139  -2.00527
12.915 2.10136  -2.00559
12.92 2.09134  -2.00592
12.925 2.08131  -2.00626
12.93 2.07127  -2.00661
12.935 2.06124  -2.00697
12.94 2.05121  -2.00734
12.945 2.04117  -2.00773
12.95 2.03113  -2.00813
12.955 2.02109  -2.00855
12.96 2.01105  -2.00898
12.965 2.001  -2.00942
12.97 1.99096  -2.00988
12.975 1.98091  -2.01036
12.98 1.97085  -2.01085
12.985 1.9608  -2.01136
12.99 1.95074  -2.01189
12.995 1.94068  -2.01244
13 1.93062  -2.013
13.005 1.92056  -2.01359
13.01 1.91049  -2.0142
13.015 1.90042  -2.01484
13.02 1.89034  -2.01549
13.025 1.88027  -2.01617
13.03 1.87019  -2.01688
13.035 1.8601  -2.01761
13.04 1.85001  -2.01837
13.045 1.83992  -2.01916
13.05 1.82983  -2.01998
13.055 1.81973  -2.02083
13.06 1.80962  -2.02171
13.065 1.79951  -2.02263
13.07 1.7894  -2.02358
13.075 1.77928  -2.02457
13.08 1.76916  -2.0256
13.085 1.75903  -2.02667
13.09 1.7489  -2.02778
13.095 1.73876  -2.02894
13.1 1.72861  -2.03014
13.105 1.71846  -2.0314
13.11 1.70831  -2.0327
13.115 1.69814  -2.03406
13.12 1.68797  -2.03547
13.125 1.6778  -2.03694
13.13 1.66761  -2.03847
13.135 1.65742  -2.04006
13.14 1.64722  -2.04173
13.145 1.63701  -2.04346
13.15 1.62679  -2.04526
13.155 1.61657  -2.04715
13.16 1.60633  -2.04911
13.165 1.59608  -2.05116
13.17 1.58583  -2.05329
13.175 1.57556  -2.05552
13.18 1.56528  -2.05785
13.185 1.555  -2.06028
13.19 1.54469  -2.06281
13.195 1.53438  -2.06546
13.2 1.52405  -2.06823
13.205 1.51371  -2.07112
13.21 1.50336  -2.07414
13.215 1.49299  -2.0773
13.22 1.4826  -2.0806
13.225 1.4722  -2.08405
13.23 1.46178  -2.08766
13.235 1.45134  -2.09144
13.24 1.44088  -2.09539
13.245 1.4304  -2.09952
13.25 1.41991  -2.10385
13.255 1.40939  -2.10837
13.26 1.39884  -2.11311
13.265 1.38828  -2.11807
13.27 1.37769  -2.12327
13.275 1.36707  -2.1287
13.28 1.35643  -2.1344
13.285 1.34576  -2.14036
13.29 1.33505  -2.1466
13.295 1.32432  -2.15314
13.3 1.31356  -2.15998
13.305 1.30276  -2.16714
13.31 1.29192  -2.17463
13.315 1.28105  -2.18247
13.32 1.27013  -2.19067
13.325 1.25918  -2.19925
13.33 1.24819  -2.2082
13.335 1.23714  -2.21755
13.34 1.22606  -2.22731
13.345 1.21492  -2.23747
13.35 1.20373  -2.24805
13.355 1.19249  -2.25905
13.36 1.1812  -2.27046
13.365 1.16984  -2.28228
13.37 1.15843  -2.29448
13.375 1.14696  -2.30705
13.38 1.13543  -2.31993
13.385 1.12383  -2.33308
13.39 1.11216  -2.34643
13.395 1.10043  -2.35987
13.4 1.08863  -2.37329
13.405 1.07676  -2.38651
13.41 1.06483  -2.39932
13.415 1.05283  -2.41146
13.42 1.04078  -2.42258
13.425 1.02866  -2.43225
13.43 1.0165  -2.43993
13.435 1.0043  -2.44493
13.44 0.992078  -2.44641
13.445 0.979846  -2.44331
13.45 0.967629  -2.43432
13.455 0.955457  -2.41783
13.46 0.943368  -2.39188
13.465 0.931409  -2.35409
13.47 0.919638  -2.30164
13.475 0.90813  -2.2312
13.48 0.896974  -2.13899
13.485 0.886279  -2.02081
13.49 0.876175  -1.87227
13.495 0.866814  -1.68908
13.5 0.858368  -1.46757
13.505 0.851031  -1.20541
13.51 0.845004  -0.902497
13.515 0.840491  -0.561761
13.52 0.837682  -0.18985
13.525 0.836733  0.202808
13.53 0.837747  0.602724
13.535 0.840761  0.994891
13.54 0.845735  1.36487
13.545 0.852559  1.70079
13.55 0.861063  1.99476
13.555 0.871037  2.24325
13.56 0.882253  2.44667
13.565 0.894487  2.60826
13.57 0.907528  2.73298
13.575 0.921193  2.82646
13.58 0.935325  2.89429
13.585 0.949797  2.94158
13.59 0.964505  2.97274
13.595 0.979368  2.99145
13.6 0.994326  3.0007
13.605 1.00933  3.00287
13.61 1.02434  2.99982
13.615 1.03934  2.99301
13.62 1.05431  2.98355
13.625 1.06923  2.97228
13.63 1.08409  2.95986
13.635 1.09889  2.94677
13.64 1.11362  2.93337
13.645 1.12829  2.91993
13.65 1.14289  2.90665
13.655 1.15742  2.89366
13.66 1.17189  2.88107
13.665 1.18629  2.86893
13.67 1.20064  2.8573
13.675 1.21492  2.84618
13.68 1.22916  2.8356
13.685 1.24333  2.82555
13.69 1.25746  2.81602
13.695 1.27154  2.80701
13.7 1.28558  2.79849
13.705 1.29957  2.79044
13.71 1.31352  2.78284
13.715 1.32744  2.77568
13.72 1.34131  2.76893
13.725 1.35516  2.76257
13.73 1.36897  2.75657
13.735 1.38275  2.75092
13.74 1.39651  2.74561
13.745 1.41024  2.74059
13.75 1.42394  2.73587
13.755 1.43762  2.73142
13.76 1.45128  2.72723
13.765 1.46491  2.72328
13.77 1.47853  2.71956
13.775 1.49213  2.71604
13.78 1.50571  2.71273
13.785 1.51927  2.7096
13.79 1.53282  2.70665
13.795 1.54635  2.70387
13.8 1.55987  2.70124
13.805 1.57338  2.69875
13.81 1.58687  2.6964
13.815 1.60035  2.69419
13.82 1.61382  2.69209
13.825 1.62728  2.6901
13.83 1.64073  2.68822
13.835 1.65418  2.68644
13.84 1.66761  2.68476
13.845 1.68103  2.68316
13.85 1.69445  2.68165
13.855 1.70786  2.68022
13.86 1.72126  2.67886
13.865 1.73465  2.67757
13.87 1.74804  2.67635
13.875 1.76142  2.67519
13.88 1.7748  2.67409
13.885 1.78817  2.67304
13.89 1.80153  2.67204
13.895 1.81489  2.6711
13.9 1.82825  2.6702
13.905 1.8416  2.66934
13.91 1.85495  2.66853
13.915 1.86829  2.66776
13.92 1.88163  2.66702
13.925 1.89496  2.66632
13.93 1.90829  2.66565
13.935 1.92162  2.66501
13.94 1.93495  2.6644
13.945 1.94827  2.66382
13.95 1.96159  2.66327
13.955 1.9749  2.66274
13.96 1.98822  2.66224
13.965 2.00153  2.66176
13.97 2.01484  2.6613
13.975 2.02814  2.66086
13.98 2.04145  2.66044
13.985 2.05475  2.66004
13.99 2.06805  2.65966
13.995 2.08135  2.65929
14 2.09465  2.65894
14.005 2.10794  2.65861
14.01 2.12123  2.65829
14.015 2.13453  2.65798
14.02 2.14782  2.65769
14.025 2.1611  2.6574
14.03 2.17439  2.65713
14.035 2.18768  2.65688
14.04 2.20096  2.65663
14.045 2.21424  2.65639
14.05 2.22753  2.65616
14.055 2.24081  2.65594
14.06 2.25409  2.65573
14.065 2.26737  2.65553
14.07 2.28064  2.65534
14.075 2.29392  2.65515
14.08 2.3072  2.65498
14.085 2.32047  2.6548
14.09 2.33374  2.65464
14.095 2.34702  2.65448
14.1 2.36029  2.65433
14.105 2.37356  2.65418
14.11 2.38683  2.65404
14.115 2.4001  2.65391
14.12 2.41337  2.65378
14.125 2.42664  2.65365
14.13 2.43991  2.65353
14.135 2.45318  2.65342
14.14 2.46644  2.6533
14.145 2.47971  2.6532
14.15 2.49298  2.65309
14.155 2.50624  2.65299
14.16 2.51951  2.6529
14.165 2.53277  2.6528
14.17 2.54604  2.65272
14.175 2.5593  2.65263
14.18 2.57256  2.65255
14.185 2.58583  2.65247
14.19 2.59909  2.65239
14.195 2.61235  2.65231
14.2 2.62561  2.65224
14.205 2.63887  2.65217
14.21 2.65213  2.65211
14.215 2.66539  2.65204
14.22 2.67865  2.65198
14.225 2.69191  2.65192
14.23 2.70517  2.65186
14.235 2.71843  2.6518
14.24 2.73169  2.65175
14.245 2.74495  2.6517
14.25 2.75821  2.65164
14.255 2.77147  2.6516
14.26 2.78472  2.65155
14.265 2.79798  2.6515
14.27 2.81124  2.65146
14.275 2.8245  2.65141
14.28 2.83775  2.65137
14.285 2.85101  2.65133
14.29 2.86427  2.65129
14.295 2.87752  2.65126
14.3 2.89078  2.65122
14.305 2.90404  2.65118
14.31 2.91729  2.65115
14.315 2.93055  2.65112
14.32 2.9438  2.65108
14.325 2.95706  2.65105
14.33 2.97031  2.65102
14.335 2.98357  2.65099
14.34 2.99682  2.65096
14.345 3.01008  2.65094
14.35 3.02333  2.65091
14.355 3.03659  2.65088
14.36 3.04984  2.65086
14.365 3.0631  2.65083
14.37 3.07635  2.65081
14.375 3.08961  2.65079
14.38 3.10286  2.65077
14.385 3.11611  2.65074
14.39 3.12937  2.65072
14.395 3.14262  2.6507
14.4 3.15587  2.65068
14.405 3.16913  2.65066
14.41 3.18238  2.65065
14.415 3.19563  2.65063
14.42 3.20889  2.65061
14.425 3.22214  2.65059
14.43 3.23539  2.65058
14.435 3.24865  2.65056
14.44 3.2619  2.65054
14.445 3.27515  2.65053
14.45 3.2884  2.65052
14.455 3.30166  2.6505
14.46 3.31491  2.65049
14.465 3.32816  2.65047
14.47 3.34141  2.65046
14.475 3.35467  2.65045
14.48 3.36792  2.65043
14.485 3.38117  2.65042
14.49 3.39442  2.65041
14.495 3.40768  2.6504
14.5 3.42093  2.65039
14.505 3.43418  2.65038
14.51 3.44743  2.65037
14.515 3.46068  2.65036
14.52 3.47393  2.65035
14.525 3.48719  2.65034
14.53 3.50044  2.65033
14.535 3.51369  2.65032
14.54 3.52694  2.65031
14.545 3.54019  2.6503
14.55 3.55344  2.65029
14.555 3.5667  2.65028
14.56 3.57995  2.65028
14.565 3.5932  2.65027
14.57 3.60645  2.65026
14.575 3.6197  2.65025
14.58 3.63295  2.65025
14.585 3.6462  2.65024
14.59 3.65946  2.65023
14.595 3.67271  2.65023
14.6 3.68596  2.65022
14.605 3.69921  2.65021
14.61 3.71246  2.65021
14.615 3.72571  2.6502
14.62 3.73896  2.65019
14.625 3.75221  2.65019
14.63 3.76546  2.65018
14.635 3.77871  2.65018
14.64 3.79197  2.65017
14.645 3.80522  2.65017
14.65 3.81847  2.65016
14.655 3.83172  2.65016
14.66 3.84497  2.65015
14.665 3.85822  2.65015
14.67 3.87147  2.65014
14.675 3.88472  2.65014
14.68 3.89797  2.65013
14.685 3.91122  2.65013
14.69 3.92447  2.65013
14.695 3.93772  2.65012
14.7 3.95097  2.65012
14.705 3.96422  2.65011
14.71 3.97748  2.65011
14.715 3.99073  2.65011
14.72 4.00398  2.6501
14.725 4.01723  2.6501
14.73 4.03048  2.6501
14.735 4.04373  2.65009
14.74 4.05698  2.65009
14.745 4.07023  2.65009
14.75 4.08348  2.65008
14.755 4.09673  2.65008
14.76 4.10998  2.65008
14.765 4.12323  2.65008
14.77 4.13648  2.65007
14.775 4.14973  2.65007
14.78 4.16298  2.65007
14.785 4.17623  2.65007
14.79 4.18948  2.65006
14.795 4.20273  2.65006
14.8 4.21598  2.65006
14.805 4.22923  2.65006
14.81 4.24248  2.65005
14.815 4.25573  2.65005
14.82 4.26898  2.65005
14.825 4.28223  2.65005
14.83 4.29548  2.65005
14.835 4.30873  2.65004
14.84 4.32198  2.65004
14.845 4.33524  2.65004
14.85 4.34849  2.65004
14.855 4.36174  2.65004
14.86 4.37499  2.65004
14.865 4.38824  2.65003
14.87 4.40149  2.65003
14.875 4.41474  2.65003
14.88 4.42799  2.65003
14.885 4.44124  2.65003
14.89 4.45449  2.65003
14.895 4.46774  2.65002
14.9 4.48099  2.65002
14.905 4.49424  2.65002
14.91 4.50749  2.65002
14.915 4.52074  2.65002
14.92 4.53399  2.65002
14.925 4.54724  2.65002
14.93 4.56049  2.65002
14.935 4.57374  2.65002
14.94 4.58699  2.65001
14.945 4.60024  2.65001
14.95 4.61349  2.65001
14.955 4.62674  2.65001
14.96 4.63999  2.65001
14.965 4.65324  2.65001
14.97 4.66649  2.65001
14.975 4.67974  2.65001
14.98 4.69299  2.65001
14.985 4.70624  2.65001
14.99 4.71949  2.65001
14.995 4.73274  2.65001
15 4.74599  2.65001
15.005 4.75924  2.65
15.01 4.77249  2.65
15.015 4.78574  2.65
15.02 4.79899  2.65
15.025 4.81224  2.65
15.03 4.82549  2.65
15.035 4.83874  2.65
15.04 4.85199  2.65
15.045 4.86524  2.65
15.05 4.87849  2.65
15.055 4.89174  2.65
15.06 4.90499  2.65
15.065 4.91824  2.65
15.07 4.93149  2.65
15.075 4.94474  2.65
15.08 4.95799  2.65
15.085 4.97124  2.65
15.09 4.98449  2.65
15.095 4.99774  2.65
15.1 5.01099  2.65
15.105 5.02424  2.65
15.11 5.03749  2.65
15.115 5.05074  2.65
15.12 5.06399  2.65
15.125 5.07724  2.65
15.13 5.09049  2.65
15.135 5.10374  2.65
15.14 5.11699  2.65
15.145 5.13024  2.65
15.15 5.14349  2.65
15.155 5.15674  2.65
15.16 5.16999  2.65
15.165 5.18324  2.65
15.17 5.19649  2.65
15.175 5.20974  2.65
15.18 5.22299  2.65
15.185 5.23624  2.65
15.19 5.24949  2.65
15.195 5.26274  2.65001
15.2 5.27599  2.65001
15.205 5.28924  2.65001
15.21 5.30249  2.65001
15.215 5.31574  2.65001
15.22 5.32899  2.65001
15.225 5.34224  2.65001
15.23 5.35549  2.65001
15.235 5.36874  2.65001
15.24 5.38199  2.65001
15.245 5.39524  2.65001
15.25 5.40849  2.65001
15.255 5.42174  2.65001
15.26 5.43499  2.65002
15.265 5.44824  2.65002
15.27 5.46149  2.65002
15.275 5.47474  2.65002
15.28 5.48799  2.65002
15.285 5.50124  2.65002
15.29 5.51449  2.65002
15.295 5.52774  2.65002
15.3 5.54099  2.65002
15.305 5.55424  2.65003
15.31 5.56749  2.65003
15.315 5.58074  2.65003
15.32 5.59399  2.65003
15.325 5.60724  2.65003
15.33 5.62049  2.65003
15.335 5.63374  2.65003
15.34 5.64699  2.65004
15.345 5.66024  2.65004
15.35 5.67349  2.65004
15.355 5.68674  2.65004
15.36 5.69999  2.65004
15.365 5.71324  2.65005
15.37 5.72649  2.65005
15.375 5.73974  2.65005
15.38 5.75299  2.65005
15.385 5.76624  2.65005
15.39 5.77949  2.65006
15.395 5.79274  2.65006
15.4 5.80599  2.65006
15.405 5.81924  2.65006
15.41 5.83249  2.65007
15.415 5.84574  2.65007
15.42 5.859  2.65007
15.425 5.87225  2.65007
15.43 5.8855  2.65008
15.435 5.89875  2.65008
15.44 5.912  2.65008
15.445 5.92525  2.65008
15.45 5.9385  2.65009
15.455 5.95175  2.65009
15.46 5.965  2.65009
15.465 5.97825  2.6501
15.47 5.9915  2.6501
15.475 6.00475  2.6501
15.48 6.018  2.65011
15.485 6.03125  2.65011
15.49 6.0445  2.65011
15.495 6.05775  2.65012
15.5 6.071  2.65012
15.505 6.08425  2.65013
15.51 6.0975  2.65013
15.515 6.11075  2.65013
15.52 6.12401  2.65014
15.525 6.13726  2.65014
15.53 6.15051  2.65015
15.535 6.16376  2.65015
15.54 6.17701  2.65016
15.545 6.19026  2.65016
15.55 6.20351  2.65017
15.555 6.21676  2.65017
15.56 6.23001  2.65018
15.565 6.24326  2.65018
15.57 6.25651  2.65019
15.575 6.26976  2.65019
15.58 6.28302  2.6502
15.585 6.29627  2.6502
15.59 6.30952  2.65021
15.595 6.32277  2.65022
15.6 6.33602  2.65022
15.605 6.34927  2.65023
15.61 6.36252  2.65024
15.615 6.37577  2.65024
15.62 6.38902  2.65025
15.625 6.40228  2.65026
15.63 6.41553  2.65027
15.635 6.42878  2.65027
15.64 6.44203  2.65028
15.645 6.45528  2.65029
15.65 6.46853  2.6503
15.655 6.48178  2.65031
15.66 6.49503  2.65032
15.665 6.50829  2.65032
15.67 6.52154  2.65033
15.675 6.53479  2.65034
15.68 6.54804  2.65035
15.685 6.56129  2.65036
15.69 6.57455  2.65037
15.695 6.5878  2.65038
15.7 6.60105  2.6504
15.705 6.6143  2.65041
15.71 6.62755  2.65042
15.715 6.64081  2.65043
15.72 6.65406  2.65044
15.725 6.66731  2.65046
15.73 6.68056  2.65047
15.735 6.69381  2.65048
15.74 6.70707  2.6505
15.745 6.72032  2.65051
15.75 6.73357  2.65052
15.755 6.74682  2.65054
15.76 6.76008  2.65056
15.765 6.77333  2.65057
15.77 6.78658  2.65059
15.775 6.79984  2.6506
15.78 6.81309  2.65062
15.785 6.82634  2.65064
15.79 6.83959  2.65066
15.795 6.85285  2.65068
15.8 6.8661  2.6507
15.805 6.87935  2.65072
15.81 6.89261  2.65074
15.815 6.90586  2.65076
15.82 6.91912  2.65078
15.825 6.93237  2.6508
15.83 6.94562  2.65083
15.835 6.95888  2.65085
15.84 6.97213  2.65088
15.845 6.98539  2.6509
15.85 6.99864  2.65093
15.855 7.0119  2.65095
15.86 7.02515  2.65098
15.865 7.03841  2.65101
15.87 7.05166  2.65104
15.875 7.06492  2.65107
15.88 7.07817  2.6511
15.885 7.09143  2.65114
15.89 7.10468  2.65117
15.895 7.11794  2.65121
15.9 7.13119  2.65124
15.905 7.14445  2.65128
15.91 7.15771  2.65132
15.915 7.17096  2.65136
15.92 7.18422  2.6514
15.925 7.19748  2.65144
15.93 7.21073  2.65149
15.935 7.22399  2.65153
15.94 7.23725  2.65158
15.945 7.25051  2.65163
15.95 7.26377  2.65168
15.955 7.27702  2.65173
15.96 7.29028  2.65178
15.965 7.30354  2.65184
15.97 7.3168  2.6519
15.975 7.33006  2.65196
15.98 7.34332  2.65202
15.985 7.35658  2.65208
15.99 7.36984  2.65215
15.995 7.3831  2.65222
16 7.39636  2.65229
16.005 7.40962  2.65236
16.01 7.42289  2.65244
16.015 7.43615  2.65252
16.02 7.44941  2.6526
16.025 7.46267  2.65269
16.03 7.47594  2.65277
16.035 7.4892  2.65286
16.04 7.50246  2.65296
16.045 7.51573  2.65306
16.05 7.529  2.65316
16.055 7.54226  2.65327
16.06 7.55553  2.65338
16.065 7.56879  2.65349
16.07 7.58206  2.65361
16.075 7.59533  2.65373
16.08 7.6086  2.65386
16.085 7.62187  2.654
16.09 7.63514  2.65413
16.095 7.64841  2.65428
16.1 7.66168  2.65443
16.105 7.67495  2.65458
16.11 7.68822  2.65475
16.115 7.7015  2.65492
16.12 7.71477  2.65509
16.125 7.72805  2.65527
16.13 7.74132  2.65547
16.135 7.7546  2.65566
16.14 7.76788  2.65587
16.145 7.78116  2.65609
16.15 7.79444  2.65631
16.155 7.80772  2.65654
16.16 7.821  2.65679
16.165 7.83429  2.65704
16.17 7.84757  2.65731
16.175 7.86086  2.65759
16.18 7.87415  2.65788
16.185 7.88744  2.65818
16.19 7.90073  2.6585
16.195 7.91402  2.65883
16.2 7.92732  2.65917
16.205 7.94061  2.65953
16.21 7.95391  2.65991
16.215 7.96721  2.6603
16.22 7.98051  2.66071
16.225 7.99381  2.66115
16.23 8.00712  2.6616
16.235 8.02043  2.66207
16.24 8.03374  2.66257
16.245 8.04705  2.66308
16.25 8.06037  2.66363
16.255 8.07368  2.6642
16.26 8.087  2.6648
16.265 8.10033  2.66542
16.27 8.11366  2.66608
16.275 8.12699  2.66677
16.28 8.14032  2.6675
16.285 8.15366  2.66826
16.29 8.167  2.66906
16.295 8.18034  2.6699
16.3 8.19369  2.67078
16.305 8.20705  2.67171
16.31 8.22041  2.67269
16.315 8.23377  2.67371
16.32 8.24714  2.6748
16.325 8.26051  2.67593
16.33 8.27389  2.67713
16.335 8.28728  2.6784
16.34 8.30067  2.67973
16.345 8.31407  2.68114
16.35 8.32747  2.68262
16.355 8.34089  2.68418
16.36 8.35431  2.68583
16.365 8.36774  2.68758
16.37 8.38117  2.68942
16.375 8.39462  2.69136
16.38 8.40808  2.69342
16.385 8.42155  2.69559
16.39 8.43502  2.69789
16.395 8.44851  2.70032
16.4 8.46201  2.7029
16.405 8.47553  2.70562
16.41 8.48906  2.70851
16.415 8.5026  2.71156
16.42 8.51616  2.7148
16.425 8.52973  2.71824
16.43 8.54332  2.72188
16.435 8.55693  2.72574
16.44 8.57056  2.72983
16.445 8.58421  2.73418
16.45 8.59788  2.73878
16.455 8.61157  2.74367
16.46 8.62529  2.74886
16.465 8.63904  2.75437
16.47 8.65281  2.76022
16.475 8.66661  2.76642
16.48 8.68044  2.77301
16.485 8.69431  2.77999
16.49 8.70821  2.78739
16.495 8.72214  2.79523
16.5 8.73612  2.80354
16.505 8.75014  2.81233
16.51 8.7642  2.82162
16.515 8.77831  2.83142
16.52 8.79247  2.84175
16.525 8.80667  2.85261
16.53 8.82094  2.86399
16.535 8.83526  2.87588
16.54 8.84964  2.88825
16.545 8.86408  2.90105
16.55 8.87858  2.91419
16.555 8.89315  2.92756
16.56 8.90779  2.94101
16.565 8.9225  2.95431
16.57 8.93727  2.96715
16.575 8.9521  2.97914
16.58 8.967  2.98972
16.585 8.98195  2.99819
16.59 8.99694  3.00357
16.595 9.01196  3.00464
16.6 9.02698  2.99976
16.605 9.04198  2.9868
16.61 9.05691  2.96303
16.615 9.07173  2.92493
16.62 9.08635  2.86806
16.625 9.10069  2.78685
16.63 9.11463  2.67455
16.635 9.128  2.52316
16.64 9.14062  2.32368
16.645 9.15223  2.06675
16.65 9.16257  1.74386
16.655 9.17129  1.3493
16.66 9.17803  0.882744
16.665 9.18245  0.351979
16.67 9.18421  -0.225336
16.675 9.18308  -0.8223
16.68 9.17897  -1.40661
16.685 9.17194  -1.94693
16.69 9.1622  -2.41932
16.695 9.15011  -2.8111
16.7 9.13605  -3.12083
16.705 9.12045  -3.35542
16.71 9.10367  -3.52631
16.715 9.08604  -3.64615
16.72 9.06781  -3.72675
16.725 9.04917  -3.77814
16.73 9.03028  -3.80831
16.735 9.01124  -3.82339
16.74 8.99212  -3.82794
16.745 8.97298  -3.82533
16.75 8.95386  -3.81797
16.755 8.93477  -3.8076
16.76 8.91573  -3.79543
16.765 8.89675  -3.78233
16.77 8.87784  -3.7689
16.775 8.859  -3.75553
16.78 8.84022  -3.7425
16.785 8.82151  -3.72998
16.79 8.80286  -3.71807
16.795 8.78427  -3.70683
16.8 8.76573  -3.69628
16.805 8.74725  -3.68642
16.81 8.72882  -3.67723
16.815 8.71043  -3.66869
16.82 8.69209  -3.66078
16.825 8.67378  -3.65344
16.83 8.65552  -3.64666
16.835 8.63728  -3.64038
16.84 8.61908  -3.63458
16.845 8.60091  -3.62922
16.85 8.58276  -3.62426
16.855 8.56464  -3.61968
16.86 8.54654  -3.61545
16.865 8.52847  -3.61153
16.87 8.51041  -3.60791
16.875 8.49237  -3.60456
16.88 8.47435  -3.60146
16.885 8.45634  -3.59859
16.89 8.43835  -3.59593
16.895 8.42037  -3.59347
16.9 8.4024  -3.59118
16.905 8.38444  -3.58906
16.91 8.3665  -3.58708
16.915 8.34856  -3.58525
16.92 8.33064  -3.58355
16.925 8.31272  -3.58197
16.93 8.29481  -3.58049
16.935 8.27691  -3.57912
16.94 8.25901  -3.57784
16.945 8.24112  -3.57665
16.95 8.22324  -3.57553
16.955 8.20536  -3.57449
16.96 8.18749  -3.57352
16.965 8.16962  -3.57262
16.97 8.15176  -3.57177
16.975 8.1339  -3.57097
16.98 8.11604  -3.57023
16.985 8.09819  -3.56953
16.99 8.08034  -3.56888
16.995 8.0625  -3.56827
17 8.04466  -3.56769
17.005 8.02682  -3.56716
17.01 8.00898  -3.56665
17.015 7.99115  -3.56617
17.02 7.97332  -3.56573
17.025 7.95549  -3.5653
17.03 7.93766  -3.56491
17.035 7.91984  -3.56454
17.04 7.90202  -3.56418
17.045 7.8842  -3.56385
17.05 7.86638  -3.56354
17.055 7.84856  -3.56324
17.06 7.83074  -3.56297
17.065 7.81293  -3.5627
17.07 7.79512  -3.56246
17.075 7.7773  -3.56222
17.08 7.75949  -3.562
17.085 7.74168  -3.56179
17.09 7.72387  -3.56159
17.095 7.70606  -3.5614
17.1 7.68826  -3.56122
17.105 7.67045  -3.56105
17.11 7.65265  -3.56089
17.115 7.63484  -3.56074
17.12 7.61704  -3.5606
17.125 7.59924  -3.56046
17.13 7.58143  -3.56033
17.135 7.56363  -3.56021
17.14 7.54583  -3.56009
17.145 7.52803  -3.55998
17.15 7.51023  -3.55987
17.155 7.49243  -3.55977
17.16 7.47463  -3.55968
17.165 7.45683  -3.55959
17.17 7.43904  -3.5595
17.175 7.42124  -3.55942
17.18 7.40344  -3.55934
17.185 7.38564  -3.55926
17.19 7.36785  -3.55919
17.195 7.35005  -3.55912
17.2 7.33226  -3.55906
17.205 7.31446  -3.559
17.21 7.29667  -3.55894
17.215 7.27887  -3.55888
17.22 7.26108  -3.55883
17.225 7.24328  -3.55877
17.23 7.22549  -3.55872
17.235 7.2077  -3.55868
17.24 7.1899  -3.55863
17.245 7.17211  -3.55859
17.25 7.15432  -3.55855
17.255 7.13652  -3.55851
17.26 7.11873  -3.55847
17.265 7.10094  -3.55843
17.27 7.08315  -3.5584
17.275 7.06535  -3.55837
17.28 7.04756  -3.55833
17.285 7.02977  -3.5583
17.29 7.01198  -3.55827
17.295 6.99419  -3.55825
17.3 6.9764  -3.55822
17.305 6.95861  -3.55819
17.31 6.94081  -3.55817
17.315 6.92302  -3.55814
17.32 6.90523  -3.55812
17.325 6.88744  -3.5581
17.33 6.86965  -3.55808
17.335 6.85186  -3.55806
17.34 6.83407  -3.55804
17.345 6.81628  -3.55802
17.35 6.79849  -3.558
17.355 6.7807  -3.55798
17.36 6.76291  -3.55797
17.365 6.74512  -3.55795
17.37 6.72733  -3.55794
17.375 6.70954  -3.55792
17.38 6.69175  -3.55791
17.385 6.67396  -3.55789
17.39 6.65617  -3.55788
17.395 6.63838  -3.55787
17.4 6.62059  -3.55786
17.405 6.6028  -3.55784
17.41 6.58502  -3.55783
17.415 6.56723  -3.55782
17.42 6.54944  -3.55781
17.425 6.53165  -3.5578
17.43 6.51386  -3.55779
17.435 6.49607  -3.55778
17.44 6.47828  -3.55777
17.445 6.46049  -3.55776
17.45 6.4427  -3.55776
17.455 6.42491  -3.55775
17.46 6.40713  -3.55774
17.465 6.38934  -3.55773
17.47 6.37155  -3.55772
17.475 6.35376  -3.55772
17.48 6.33597  -3.55771
17.485 6.31818  -3.5577
17.49 6.30039  -3.5577
17.495 6.28261  -3.55769
17.5 6.26482  -3.55769
17.505 6.24703  -3.55768
17.51 6.22924  -3.55767
17.515 6.21145  -3.55767
17.52 6.19366  -3.55766
17.525 6.17588  -3.55766
17.53 6.15809  -3.55765
17.535 6.1403  -3.55765
17.54 6.12251  -3.55764
17.545 6.10472  -3.55764
17.55 6.08693  -3.55764
17.555 6.06915  -3.55763
17.56 6.05136  -3.55763
17.565 6.03357  -3.55762
17.57 6.01578  -3.55762
17.575 5.99799  -3.55762
17.58 5.98021  -3.55761
17.585 5.96242  -3.55761
17.59 5.94463  -3.55761
17.595 5.92684  -3.5576
17.6 5.90905  -3.5576
17.605 5.89127  -3.5576
17.61 5.87348  -3.55759
17.615 5.85569  -3.55759
17.62 5.8379  -3.55759
17.625 5.82011  -3.55759
17.63 5.80233  -3.55758
17.635 5.78454  -3.55758
17.64 5.76675  -3.55758
17.645 5.74896  -3.55758
17.65 5.73117  -3.55758
17.655 5.71339  -3.55757
17.66 5.6956  -3.55757
17.665 5.67781  -3.55757
17.67 5.66002  -3.55757
17.675 5.64223  -3.55757
17.68 5.62445  -3.55756
17.685 5.60666  -3.55756
17.69 5.58887  -3.55756
17.695 5.57108  -3.55756
17.7 5.5533  -3.55756
17.705 5.53551  -3.55756
17.71 5.51772  -3.55756
17.715 5.49993  -3.55755
17.72 5.48214  -3.55755
17.725 5.46436  -3.55755
17.73 5.44657  -3.55755
17.735 5.42878  -3.55755
17.74 5.41099  -3.55755
17.745 5.39321  -3.55755
17.75 5.37542  -3.55755
17.755 5.35763  -3.55755
17.76 5.33984  -3.55755
17.765 5.32205  -3.55754
17.77 5.30427  -3.55754
17.775 5.28648  -3.55754
17.78 5.26869  -3.55754
17.785 5.2509  -3.55754
17.79 5.23312  -3.55754
17.795 5.21533  -3.55754
17.8 5.19754  -3.55754
17.805 5.17975  -3.55754
17.81 5.16197  -3.55754
17.815 5.14418  -3.55754
17.82 5.12639  -3.55754
17.825 5.1086  -3.55754
17.83 5.09081  -3.55754
17.835 5.07303  -3.55754
17.84 5.05524  -3.55754
17.845 5.03745  -3.55754
17.85 5.01966  -3.55754
17.855 5.00188  -3.55754
17.86 4.98409  -3.55754
17.865 4.9663  -3.55754
17.87 4.94851  -3.55754
17.875 4.93073  -3.55754
17.88 4.91294  -3.55754
17.885 4.89515  -3.55754
17.89 4.87736  -3.55754
17.895 4.85957  -3.55754
17.9 4.84179  -3.55754
17.905 4.824  -3.55754
17.91 4.80621  -3.55754
17.915 4.78842  -3.55754
17.92 4.77064  -3.55754
17.925 4.75285  -3.55754
17.93 4.73506  -3.55754
17.935 4.71727  -3.55754
17.94 4.69949  -3.55754
17.945 4.6817  -3.55754
17.95 4.66391  -3.55754
17.955 4.64612  -3.55755
17.96 4.62833  -3.55755
17.965 4.61055  -3.55755
17.97 4.59276  -3.55755
17.975 4.57497  -3.55755
17.98 4.55718  -3.55755
17.985 4.5394  -3.55755
17.99 4.52161  -3.55755
17.995 4.50382  -3.55755
18 4.48603  -3.55755
18.005 4.46824  -3.55756
18.01 4.45046  -3.55756
18.015 4.43267  -3.55756
18.02 4.41488  -3.55756
18.025 4.39709  -3.55756
18.03 4.37931  -3.55756
18.035 4.36152  -3.55756
18.04 4.34373  -3.55757
18.045 4.32594  -3.55757
18.05 4.30815  -3.55757
18.055 4.29037  -3.55757
18.06 4.27258  -3.55757
18.065 4.25479  -3.55758
18.07 4.237  -3.55758
18.075 4.21922  -3.55758
18.08 4.20143  -3.55758
18.085 4.18364  -3.55758
18.09 4.16585  -3.55759
18.095 4.14806  -3.55759
18.1 4.13028  -3.55759
18.105 4.11249  -3.55759
18.11 4.0947  -3.5576
18.115 4.07691  -3.5576
18.12 4.05912  -3.5576
18.125 4.04134  -3.55761
18.13 4.02355  -3.55761
18.135 4.00576  -3.55761
18.14 3.98797  -3.55762
18.145 3.97018  -3.55762
18.15 3.9524  -3.55762
18.155 3.93461  -3.55763
18.16 3.91682  -3.55763
18.165 3.89903  -3.55763
18.17 3.88124  -3.55764
18.175 3.86345  -3.55764
18.18 3.84567  -3.55765
18.185 3.82788  -3.55765
18.19 3.81009  -3.55766
18.195 3.7923  -3.55766
18.2 3.77451  -3.55767
18.205 3.75672  -3.55767
18.21 3.73894  -3.55768
18.215 3.72115  -3.55768
18.22 3.70336  -3.55769
18.225 3.68557  -3.5577
18.23 3.66778  -3.5577
18.235 3.64999  -3.55771
18.24 3.63221  -3.55772
18.245 3.61442  -3.55772
18.25 3.59663  -3.55773
18.255 3.57884  -3.55774
18.26 3.56105  -3.55775
18.265 3.54326  -3.55775
18.27 3.52547  -3.55776
18.275 3.50768  -3.55777
18.28 3.4899  -3.55778
18.285 3.47211  -3.55779
18.29 3.45432  -3.5578
18.295 3.43653  -3.55781
18.3 3.41874  -3.55782
18.305 3.40095  -3.55783
18.31 3.38316  -3.55784
18.315 3.36537  -3.55785
18.32 3.34758  -3.55787
18.325 3.32979  -3.55788
18.33 3.312  -3.55789
18.335 3.29422  -3.5579
18.34 3.27643  -3.55792
18.345 3.25864  -3.55793
18.35 3.24085  -3.55795
18.355 3.22306  -3.55796
18.36 3.20527  -3.55798
18.365 3.18748  -3.558
18.37 3.16969  -3.55802
18.375 3.1519  -3.55803
18.38 3.13411  -3.55805
18.385 3.11632  -3.55807
18.39 3.09853  -3.5581
18.395 3.08074  -3.55812
18.4 3.06295  -3.55814
18.405 3.04515  -3.55816
18.41 3.02736  -3.55819
18.415 3.00957  -3.55821
18.42 2.99178  -3.55824
18.425 2.97399  -3.55827
18.43 2.9562  -3.5583
18.435 2.93841  -3.55833
18.44 2.92062  -3.55836
18.445 2.90282  -3.55839
18.45 2.88503  -3.55843
18.455 2.86724  -3.55846
18.46 2.84945  -3.5585
18.465 2.83166  -3.55854
18.47 2.81386  -3.55858
18.475 2.79607  -3.55862
18.48 2.77828  -3.55867
18.485 2.76048  -3.55871
18.49 2.74269  -3.55876
18.495 2.7249  -3.55881
18.5 2.7071  -3.55887
18.505 2.68931  -3.55892
18.51 2.67151  -3.55898
18.515 2.65372  -3.55904
18.52 2.63592  -3.55911
18.525 2.61813  -3.55918
18.53 2.60033  -3.55925
18.535 2.58253  -3.55932
18.54 2.56474  -3.5594
18.545 2.54694  -3.55948
18.55 2.52914  -3.55957
18.555 2.51135  -3.55966
18.56 2.49355  -3.55975
18.565 2.47575  -3.55985
18.57 2.45795  -3.55996
18.575 2.44015  -3.56007
18.58 2.42235  -3.56018
18.585 2.40455  -3.56031
18.59 2.38675  -3.56043
18.595 2.36894  -3.56057
18.6 2.35114  -3.56071
18.605 2.33334  -3.56086
18.61 2.31553  -3.56102
18.615 2.29773  -3.56119
18.62 2.27992  -3.56136
18.625 2.26212  -3.56155
18.63 2.24431  -3.56175
18.635 2.2265  -3.56195
18.64 2.20869  -3.56217
18.645 2.19088  -3.5624
18.65 2.17307  -3.56265
18.655 2.15525  -3.56291
18.66 2.13744  -3.56318
18.665 2.11962  -3.56348
18.67 2.10181  -3.56378
18.675 2.08399  -3.56411
18.68 2.06617  -3.56446
18.685 2.04834  -3.56483
18.69 2.03052  -3.56522
18.695 2.01269  -3.56563
18.7 1.99487  -3.56608
18.705 1.97704  -3.56654
18.71 1.9592  -3.56704
18.715 1.94137  -3.56758
18.72 1.92353  -3.56814
18.725 1.90569  -3.56875
18.73 1.88785  -3.56939
18.735 1.87  -3.57008
18.74 1.85215  -3.57081
18.745 1.83429  -3.57159
18.75 1.81644  -3.57243
18.755 1.79857  -3.57332
18.76 1.78071  -3.57428
18.765 1.76284  -3.5753
18.77 1.74496  -3.5764
18.775 1.72708  -3.57757
18.78 1.70919  -3.57883
18.785 1.6913  -3.58018
18.79 1.67339  -3.58164
18.795 1.65549  -3.58319
18.8 1.63757  -3.58487
18.805 1.61965  -3.58667
18.81 1.60171  -3.58861
18.815 1.58377  -3.5907
18.82 1.56582  -3.59294
18.825 1.54785  -3.59537
18.83 1.52987  -3.59798
18.835 1.51188  -3.6008
18.84 1.49388  -3.60385
18.845 1.47586  -3.60714
18.85 1.45783  -3.61069
18.855 1.43977  -3.61453
18.86 1.4217  -3.61868
18.865 1.40361  -3.62317
18.87 1.38549  -3.62803
18.875 1.36735  -3.63329
18.88 1.34918  -3.63898
18.885 1.33099  -3.64513
18.89 1.31276  -3.65178
18.895 1.2945  -3.65896
18.9 1.27621  -3.66672
18.905 1.25788  -3.67508
18.91 1.2395  -3.68408
18.915 1.22108  -3.69375
18.92 1.20261  -3.7041
18.925 1.18409  -3.71514
18.93 1.16551  -3.72686
18.935 1.14688  -3.7392
18.94 1.12818  -3.75209
18.945 1.10942  -3.76537
18.95 1.0906  -3.77882
18.955 1.0717  -3.79209
18.96 1.05274  -3.80465
18.965 1.03372  -3.81576
18.97 1.01464  -3.82434
18.975 0.995519  -3.82887
18.98 0.976375  -3.82718
18.985 0.957239  -3.81624
18.99 0.938158  -3.79181
18.995 0.919199  -3.74803
19 0.900458  -3.67684
19.005 0.882074  -3.56735
19.01 0.864237  -3.40516
19.015 0.847212  -3.1719
19.02 0.831352  -2.84551
19.025 0.817125  -2.40198
19.03 0.805115  -1.81994
19.035 0.796015  -1.08895
19.04 0.79057  -0.220629
19.045 0.789467  0.741794
19.05 0.793176  1.72449
19.055 0.801798  2.64067
19.06 0.815002  3.41902
19.065 0.832097  4.02502
19.07 0.852222  4.46226
19.075 0.874533  4.75818
19.08 0.898324  4.94763
19.085 0.923062  5.06238
19.09 0.948374  5.12718
19.095 0.97401  5.15973
19.1 0.999809  5.17208
19.105 1.02567  5.17215
19.11 1.05153  5.16506
19.115 1.07736  5.15408
19.12 1.10313  5.14124
19.125 1.12883  5.1278
19.13 1.15447  5.11453
19.135 1.18004  5.10185
19.14 1.20555  5.08999
19.145 1.231  5.07906
19.15 1.2564  5.06908
19.155 1.28174  5.06003
19.16 1.30704  5.05185
19.165 1.3323  5.04449
19.17 1.35753  5.03788
19.175 1.38271  5.03194
19.18 1.40787  5.02662
19.185 1.43301  5.02185
19.19 1.45812  5.01758
19.195 1.4832  5.01374
19.2 1.50827  5.0103
19.205 1.53332  5.00721
19.21 1.55836  5.00443
19.215 1.58338  5.00193
19.22 1.60839  4.99967
19.225 1.63339  4.99764
19.23 1.65838  4.99581
19.235 1.68336  4.99416
19.24 1.70833  4.99266
19.245 1.73329  4.9913
19.25 1.75825  4.99007
19.255 1.7832  4.98896
19.26 1.80814  4.98794
19.265 1.83308  4.98702
19.27 1.85802  4.98618
19.275 1.88295  4.98542
19.28 1.90788  4.98472
19.285 1.9328  4.98408
19.29 1.95772  4.98349
19.295 1.98264  4.98296
19.3 2.00755  4.98247
19.305 2.03247  4.98202
19.31 2.05738  4.98161
19.315 2.08228  4.98123
19.32 2.10719  4.98088
19.325 2.13209  4.98056
19.33 2.157  4.98026
19.335 2.1819  4.97999
19.34 2.2068  4.97973
19.345 2.2317  4.9795
19.35 2.25659  4.97929
19.355 2.28149  4.97909
19.36 2.30639  4.9789
19.365 2.33128  4.97873
19.37 2.35617  4.97857
19.375 2.38107  4.97842
19.38 2.40596  4.97828
19.385 2.43085  4.97816
19.39 2.45574  4.97804
19.395 2.48063  4.97793
19.4 2.50552  4.97782
19.405 2.53041  4.97773
19.41 2.5553  4.97764
19.415 2.58019  4.97755
19.42 2.60508  4.97747
19.425 2.62996  4.9774
19.43 2.65485  4.97733
19.435 2.67974  4.97727
19.44 2.70462  4.97721
19.445 2.72951  4.97715
19.45 2.75439  4.9771
19.455 2.77928  4.97705
19.46 2.80417  4.977
19.465 2.82905  4.97696
19.47 2.85393  4.97692
19.475 2.87882  4.97688
19.48 2.9037  4.97684
19.485 2.92859  4.97681
19.49 2.95347  4.97677
19.495 2.97836  4.97674
19.5 3.00324  4.97672
19.505 3.02812  4.97669
19.51 3.05301  4.97666
19.515 3.07789  4.97664
19.52 3.10277  4.97662
19.525 3.12766  4.97659
19.53 3.15254  4.97657
19.535 3.17742  4.97655
19.54 3.2023  4.97654
19.545 3.22719  4.97652
19.55 3.25207  4.9765
19.555 3.27695  4.97649
19.56 3.30184  4.97647
19.565 3.32672  4.97646
19.57 3.3516  4.97645
19.575 3.37648  4.97643
19.58 3.40136  4.97642
19.585 3.42625  4.97641
19.59 3.45113  4.9764
19.595 3.47601  4.97639
19.6 3.50089  4.97638
19.605 3.52577  4.97637
19.61 3.55066  4.97636
19.615 3.57554  4.97635
19.62 3.60042  4.97635
19.625 3.6253  4.97634
19.63 3.65018  4.97633
19.635 3.67506  4.97632
19.64 3.69995  4.97632
19.645 3.72483  4.97631
19.65 3.74971  4.97631
19.655 3.77459  4.9763
19.66 3.79947  4.97629
19.665 3.82435  4.97629
19.67 3.84924  4.97628
19.675 3.87412  4.97628
19.68 3.899  4.97628
19.685 3.92388  4.97627
19.69 3.94876  4.97627
19.695 3.97364  4.97626
19.7 3.99852  4.97626
19.705 4.0234  4.97626
19.71 4.04829  4.97625
19.715 4.07317  4.97625
19.72 4.09805  4.97625
19.725 4.12293  4.97624
19.73 4.14781  4.97624
19.735 4.17269  4.97624
19.74 4.19757  4.97624
19.745 4.22245  4.97623
19.75 4.24734  4.97623
19.755 4.27222  4.97623
19.76 4.2971  4.97623
19.765 4.32198  4.97623
19.77 4.34686  4.97622
19.775 4.37174  4.97622
19.78 4.39662  4.97622
19.785 4.4215  4.97622
19.79 4.44638  4.97622
19.795 4.47127  4.97622
19.8 4.49615  4.97621
19.805 4.52103  4.97621
19.81 4.54591  4.97621
19.815 4.57079  4.97621
19.82 4.59567  4.97621
19.825 4.62055  4.97621
19.83 4.64543  4.97621
19.835 4.67031  4.97621
19.84 4.6952  4.97621
19.845 4.72008  4.97621
19.85 4.74496  4.97621
19.855 4.76984  4.97621
19.86 4.79472  4.9762
19.865 4.8196  4.9762
19.87 4.84448  4.9762
19.875 4.86936  4.9762
19.88 4.89424  4.9762
19.885 4.91912  4.9762
19.89 4.94401  4.9762
19.895 4.96889  4.9762
19.9 4.99377  4.9762
19.905 5.01865  4.9762
19.91 5.04353  4.9762
19.915 5.06841  4.9762
19.92 5.09329  4.9762
19.925 5.11817  4.9762
19.93 5.14305  4.9762
19.935 5.16793  4.9762
19.94 5.19282  4.9762
19.945 5.2177  4.9762
19.95 5.24258  4.9762
19.955 5.26746  4.97621
19.96 5.29234  4.97621
19.965 5.31722  4.97621
19.97 5.3421  4.97621
19.975 5.36698  4.97621
19.98 5.39186  4.97621
19.985 5.41675  4.97621
19.99 5.44163  4.97621
19.995 5.46651  4.97621
20 5.49139  4.97621
