0 5 -1
0.005 4.995  -1
0.01 4.99  -1
0.015 4.985  -1
0.02 4.98  -1
0.025 4.975  -1
0.03 4.97  -1
0.035 4.965  -1
0.04 4.96  -1
0.045 4.955  -1
0.05 4.95  -1
0.055 4.945  -1
0.06 4.94  -1
0.065 4.935  -1
0.07 4.93  -1
0.075 4.925  -1
0.08 4.92  -1
0.085 4.915  -1
0.09 4.91  -1
0.095 4.905  -1
0.1 4.9  -1
0.105 4.895  -1
0.11 4.89  -1
0.115 4.885  -1
0.12 4.88  -1
0.125 4.875  -1
0.13 4.87  -1
0.135 4.865  -1
0.14 4.86  -1
0.145 4.855  -1
0.15 4.85  -1
0.155 4.845  -1.00001
0.16 4.84  -1.00001
0.165 4.835  -1.00001
0.17 4.83  -1.00001
0.175 4.825  -1.00001
0.18 4.82  -1.00001
0.185 4.815  -1.00001
0.19 4.81  -1.00001
0.195 4.805  -1.00001
0.2 4.8  -1.00001
0.205 4.795  -1.00001
0.21 4.79  -1.00001
0.215 4.785  -1.00001
0.22 4.78  -1.00001
0.225 4.775  -1.00001
0.23 4.77  -1.00001
0.235 4.765  -1.00001
0.24 4.76  -1.00001
0.245 4.755  -1.00001
0.25 4.75  -1.00001
0.255 4.745  -1.00001
0.26 4.74  -1.00001
0.265 4.735  -1.00002
0.27 4.73  -1.00002
0.275 4.725  -1.00002
0.28 4.72  -1.00002
0.285 4.715  -1.00002
0.29 4.71  -1.00002
0.295 4.705  -1.00002
0.3 4.7  -1.00002
0.305 4.695  -1.00002
0.31 4.69  -1.00002
0.315 4.685  -1.00002
0.32 4.68  -1.00002
0.325 4.675  -1.00002
0.33 4.67  -1.00002
0.335 4.665  -1.00002
0.34 4.66  -1.00003
0.345 4.655  -1.00003
0.35 4.65  -1.00003
0.355 4.645  -1.00003
0.36 4.64  -1.00003
0.365 4.635  -1.00003
0.37 4.63  -1.00003
0.375 4.625  -1.00003
0.38 4.62  -1.00003
0.385 4.615  -1.00003
0.39 4.61  -1.00003
0.395 4.605  -1.00003
0.4 4.6  -1.00004
0.405 4.595  -1.00004
0.41 4.58999  -1.00004
0.415 4.58499  -1.00004
0.42 4.57999  -1.00004
0.425 4.57499  -1.00004
0.43 4.56999  -1.00004
0.435 4.56499  -1.00004
0.44 4.55999  -1.00004
0.445 4.55499  -1.00004
0.45 4.54999  -1.00005
0.455 4.54499  -1.00005
0.46 4.53999  -1.00005
0.465 4.53499  -1.00005
0.47 4.52999  -1.00005
0.475 4.52499  -1.00005
0.48 4.51999  -1.00005
0.485 4.51499  -1.00005
0.49 4.50999  -1.00005
0.495 4.50499  -1.00006
0.5 4.49999  -1.00006
0.505 4.49499  -1.00006
0.51 4.48999  -1.00006
0.515 4.48499  -1.00006
0.52 4.47999  -1.00006
0.525 4.47499  -1.00006
0.53 4.46999  -1.00006
0.535 4.46499  -1.00007
0.54 4.45999  -1.00007
0.545 4.45499  -1.00007
0.55 4.44999  -1.00007
0.555 4.44499  -1.00007
0.56 4.43999  -1.00007
0.565 4.43499  -1.00007
0.57 4.42999  -1.00008
0.575 4.42499  -1.00008
0.58 4.41999  -1.00008
0.585 4.41498  -1.00008
0.59 4.40998  -1.00008
0.595 4.40498  -1.00008
0.6 4.39998  -1.00008
0.605 4.39498  -1.00009
0.61 4.38998  -1.00009
0.615 4.38498  -1.00009
0.62 4.37998  -1.00009
0.625 4.37498  -1.00009
0.63 4.36998  -1.00009
0.635 4.36498  -1.0001
0.64 4.35998  -1.0001
0.645 4.35498  -1.0001
0.65 4.34998  -1.0001
0.655 4.34498  -1.0001
0.66 4.33998  -1.0001
0.665 4.33498  -1.00011
0.67 4.32998  -1.00011
0.675 4.32498  -1.00011
0.68 4.31998  -1.00011
0.685 4.31498  -1.00011
0.69 4.30997  -1.00011
0.695 4.30497  -1.00012
0.7 4.29997  -1.00012
0.705 4.29497  -1.00012
0.71 4.28997  -1.00012
0.715 4.28497  -1.00012
0.72 4.27997  -1.00013
0.725 4.27497  -1.00013
0.73 4.26997  -1.00013
0.735 4.26497  -1.00013
0.74 4.25997  -1.00013
0.745 4.25497  -1.00014
0.75 4.24997  -1.00014
0.755 4.24497  -1.00014
0.76 4.23997  -1.00014
0.765 4.23497  -1.00015
0.77 4.22996  -1.00015
0.775 4.22496  -1.00015
0.78 4.21996  -1.00015
0.785 4.21496  -1.00015
0.79 4.20996  -1.00016
0.795 4.20496  -1.00016
0.8 4.19996  -1.00016
0.805 4.19496  -1.00016
0.81 4.18996  -1.00017
0.815 4.18496  -1.00017
0.82 4.17996  -1.00017
0.825 4.17496  -1.00017
0.83 4.16995  -1.00018
0.835 4.16495  -1.00018
0.84 4.15995  -1.00018
0.845 4.15495  -1.00018
0.85 4.14995  -1.00019
0.855 4.14495  -1.00019
0.86 4.13995  -1.00019
0.865 4.13495  -1.00019
0.87 4.12995  -1.0002
0.875 4.12495  -1.0002
0.88 4.11995  -1.0002
0.885 4.11494  -1.0002
0.89 4.10994  -1.00021
0.895 4.10494  -1.00021
0.9 4.09994  -1.00021
0.905 4.09494  -1.00022
0.91 4.08994  -1.00022
0.915 4.08494  -1.00022
0.92 4.07994  -1.00022
0.925 4.07494  -1.00023
0.93 4.06993  -1.00023
0.935 4.06493  -1.00023
0.94 4.05993  -1.00024
0.945 4.05493  -1.00024
0.95 4.04993  -1.00024
0.955 4.04493  -1.00025
0.96 4.03993  -1.00025
0.965 4.03493  -1.00025
0.97 4.02992  -1.00026
0.975 4.02492  -1.00026
0.98 4.01992  -1.00026
0.985 4.01492  -1.00026
0.99 4.00992  -1.00027
0.995 4.00492  -1.00027
1 3.99992  -1.00028
1.005 3.99492  -1.00028
1.01 3.98991  -1.00028
1.015 3.98491  -1.00029
1.02 3.97991  -1.00029
1.025 3.97491  -1.00029
1.03 3.96991  -1.0003
1.035 3.96491  -1.0003
1.04 3.95991  -1.0003
1.045 3.9549  -1.00031
1.05 3.9499  -1.00031
1.055 3.9449  -1.00032
1.06 3.9399  -1.00032
1.065 3.9349  -1.00032
1.07 3.9299  -1.00033
1.075 3.92489  -1.00033
1.08 3.91989  -1.00033
1.085 3.91489  -1.00034
1.09 3.90989  -1.00034
1.095 3.90489  -1.00035
1.1 3.89989  -1.00035
1.105 3.89488  -1.00036
1.11 3.88988  -1.00036
1.115 3.88488  -1.00036
1.12 3.87988  -1.00037
1.125 3.87488  -1.00037
1.13 3.86987  -1.00038
1.135 3.86487  -1.00038
1.14 3.85987  -1.00039
1.145 3.85487  -1.00039
1.15 3.84987  -1.0004
1.155 3.84487  -1.0004
1.16 3.83986  -1.0004
1.165 3.83486  -1.00041
1.17 3.82986  -1.00041
1.175 3.82486  -1.00042
1.18 3.81985  -1.00042
1.185 3.81485  -1.00043
1.19 3.80985  -1.00043
1.195 3.80485  -1.00044
1.2 3.79985  -1.00044
1.205 3.79484  -1.00045
1.21 3.78984  -1.00045
1.215 3.78484  -1.00046
1.22 3.77984  -1.00046
1.225 3.77483  -1.00047
1.23 3.76983  -1.00047
1.235 3.76483  -1.00048
1.24 3.75983  -1.00049
1.245 3.75483  -1.00049
1.25 3.74982  -1.0005
1.255 3.74482  -1.0005
1.26 3.73982  -1.00051
1.265 3.73481  -1.00051
1.27 3.72981  -1.00052
1.275 3.72481  -1.00053
1.28 3.71981  -1.00053
1.285 3.7148  -1.00054
1.29 3.7098  -1.00054
1.295 3.7048  -1.00055
1.3 3.6998  -1.00056
1.305 3.69479  -1.00056
1.31 3.68979  -1.00057
1.315 3.68479  -1.00057
1.32 3.67978  -1.00058
1.325 3.67478  -1.00059
1.33 3.66978  -1.00059
1.335 3.66478  -1.0006
1.34 3.65977  -1.00061
1.345 3.65477  -1.00061
1.35 3.64977  -1.00062
1.355 3.64476  -1.00063
1.36 3.63976  -1.00063
1.365 3.63476  -1.00064
1.37 3.62975  -1.00065
1.375 3.62475  -1.00066
1.38 3.61975  -1.00066
1.385 3.61474  -1.00067
1.39 3.60974  -1.00068
1.395 3.60474  -1.00068
1.4 3.59973  -1.00069
1.405 3.59473  -1.0007
1.41 3.58973  -1.00071
1.415 3.58472  -1.00071
1.42 3.57972  -1.00072
1.425 3.57472  -1.00073
1.43 3.56971  -1.00074
1.435 3.56471  -1.00075
1.44 3.55971  -1.00075
1.445 3.5547  -1.00076
1.45 3.5497  -1.00077
1.455 3.54469  -1.00078
1.46 3.53969  -1.00079
1.465 3.53469  -1.0008
1.47 3.52968  -1.0008
1.475 3.52468  -1.00081
1.48 3.51967  -1.00082
1.485 3.51467  -1.00083
1.49 3.50967  -1.00084
1.495 3.50466  -1.00085
1.5 3.49966  -1.00086
1.505 3.49465  -1.00087
1.51 3.48965  -1.00088
1.515 3.48464  -1.00089
1.52 3.47964  -1.0009
1.525 3.47463  -1.00091
1.53 3.46963  -1.00092
1.535 3.46463  -1.00093
1.54 3.45962  -1.00094
1.545 3.45462  -1.00095
1.55 3.44961  -1.00096
1.555 3.44461  -1.00097
1.56 3.4396  -1.00098
1.565 3.4346  -1.00099
1.57 3.42959  -1.001
1.575 3.42459  -1.00101
1.58 3.41958  -1.00102
1.585 3.41458  -1.00103
1.59 3.40957  -1.00104
1.595 3.40457  -1.00105
1.6 3.39956  -1.00106
1.605 3.39456  -1.00107
1.61 3.38955  -1.00109
1.615 3.38455  -1.0011
1.62 3.37954  -1.00111
1.625 3.37453  -1.00112
1.63 3.36953  -1.00113
1.635 3.36452  -1.00115
1.64 3.35952  -1.00116
1.645 3.35451  -1.00117
1.65 3.34951  -1.00118
1.655 3.3445  -1.00119
1.66 3.33949  -1.00121
1.665 3.33449  -1.00122
1.67 3.32948  -1.00123
1.675 3.32447  -1.00125
1.68 3.31947  -1.00126
1.685 3.31446  -1.00127
1.69 3.30946  -1.00129
1.695 3.30445  -1.0013
1.7 3.29944  -1.00131
1.705 3.29444  -1.00133
1.71 3.28943  -1.00134
1.715 3.28442  -1.00136
1.72 3.27942  -1.00137
1.725 3.27441  -1.00139
1.73 3.2694  -1.0014
1.735 3.26439  -1.00142
1.74 3.25939  -1.00143
1.745 3.25438  -1.00145
1.75 3.24937  -1.00146
1.755 3.24437  -1.00148
1.76 3.23936  -1.00149
1.765 3.23435  -1.00151
1.77 3.22934  -1.00153
1.775 3.22434  -1.00154
1.78 3.21933  -1.00156
1.785 3.21432  -1.00158
1.79 3.20931  -1.00159
1.795 3.2043  -1.00161
1.8 3.1993  -1.00163
1.805 3.19429  -1.00164
1.81 3.18928  -1.00166
1.815 3.18427  -1.00168
1.82 3.17926  -1.0017
1.825 3.17425  -1.00172
1.83 3.16925  -1.00173
1.835 3.16424  -1.00175
1.84 3.15923  -1.00177
1.845 3.15422  -1.00179
1.85 3.14921  -1.00181
1.855 3.1442  -1.00183
1.86 3.13919  -1.00185
1.865 3.13418  -1.00187
1.87 3.12917  -1.00189
1.875 3.12416  -1.00191
1.88 3.11915  -1.00193
1.885 3.11414  -1.00195
1.89 3.10913  -1.00197
1.895 3.10412  -1.00199
1.9 3.09911  -1.00202
1.905 3.0941  -1.00204
1.91 3.08909  -1.00206
1.915 3.08408  -1.00208
1.92 3.07907  -1.00211
1.925 3.07406  -1.00213
1.93 3.06905  -1.00215
1.935 3.06404  -1.00218
1.94 3.05903  -1.0022
1.945 3.05402  -1.00222
1.95 3.04901  -1.00225
1.955 3.044  -1.00227
1.96 3.03899  -1.0023
1.965 3.03397  -1.00232
1.97 3.02896  -1.00235
1.975 3.02395  -1.00237
1.98 3.01894  -1.0024
1.985 3.01393  -1.00242
1.99 3.00891  -1.00245
1.995 3.0039  -1.00248
2 2.99889  -1.00251
2.005 2.99388  -1.00253
2.01 2.98886  -1.00256
2.015 2.98385  -1.00259
2.02 2.97884  -1.00262
2.025 2.97383  -1.00265
2.03 2.96881  -1.00268
2.035 2.9638  -1.00271
2.04 2.95878  -1.00274
2.045 2.95377  -1.00277
2.05 2.94876  -1.0028
2.055 2.94374  -1.00283
2.06 2.93873  -1.00286
2.065 2.93371  -1.00289
2.07 2.9287  -1.00292
2.075 2.92369  -1.00296
2.08 2.91867  -1.00299
2.085 2.91366  -1.00302
2.09 2.90864  -1.00306
2.095 2.90362  -1.00309
2.1 2.89861  -1.00312
2.105 2.89359  -1.00316
2.11 2.88858  -1.00319
2.115 2.88356  -1.00323
2.12 2.87855  -1.00327
2.125 2.87353  -1.0033
2.13 2.86851  -1.00334
2.135 2.8635  -1.00338
2.14 2.85848  -1.00342
2.145 2.85346  -1.00345
2.15 2.84844  -1.00349
2.155 2.84343  -1.00353
2.16 2.83841  -1.00357
2.165 2.83339  -1.00361
2.17 2.82837  -1.00365
2.175 2.82335  -1.0037
2.18 2.81834  -1.00374
2.185 2.81332  -1.00378
2.19 2.8083  -1.00382
2.195 2.80328  -1.00387
2.2 2.79826  -1.00391
2.205 2.79324  -1.00396
2.21 2.78822  -1.004
2.215 2.7832  -1.00405
2.22 2.77818  -1.00409
2.225 2.77316  -1.00414
2.23 2.76814  -1.00419
2.235 2.76312  -1.00424
2.24 2.7581  -1.00429
2.245 2.75307  -1.00434
2.25 2.74805  -1.00439
2.255 2.74303  -1.00444
2.26 2.73801  -1.00449
2.265 2.73299  -1.00454
2.27 2.72796  -1.00459
2.275 2.72294  -1.00465
2.28 2.71792  -1.0047
2.285 2.71289  -1.00476
2.29 2.70787  -1.00481
2.295 2.70284  -1.00487
2.3 2.69782  -1.00493
2.305 2.69279  -1.00498
2.31 2.68777  -1.00504
2.315 2.68274  -1.0051
2.32 2.67772  -1.00516
2.325 2.67269  -1.00522
2.33 2.66767  -1.00528
2.335 2.66264  -1.00535
2.34 2.65761  -1.00541
2.345 2.65259  -1.00547
2.35 2.64756  -1.00554
2.355 2.64253  -1.00561
2.36 2.6375  -1.00567
2.365 2.63247  -1.00574
2.37 2.62744  -1.00581
2.375 2.62242  -1.00588
2.38 2.61739  -1.00595
2.385 2.61236  -1.00602
2.39 2.60733  -1.00609
2.395 2.6023  -1.00617
2.4 2.59726  -1.00624
2.405 2.59223  -1.00632
2.41 2.5872  -1.00639
2.415 2.58217  -1.00647
2.42 2.57714  -1.00655
2.425 2.5721  -1.00663
2.43 2.56707  -1.00671
2.435 2.56204  -1.00679
2.44 2.557  -1.00687
2.445 2.55197  -1.00696
2.45 2.54693  -1.00704
2.455 2.5419  -1.00713
2.46 2.53686  -1.00722
2.465 2.53182  -1.00731
2.47 2.52679  -1.0074
2.475 2.52175  -1.00749
2.48 2.51671  -1.00758
2.485 2.51167  -1.00768
2.49 2.50664  -1.00777
2.495 2.5016  -1.00787
2.5 2.49656  -1.00797
2.505 2.49152  -1.00807
2.51 2.48648  -1.00817
2.515 2.48144  -1.00827
2.52 2.47639  -1.00837
2.525 2.47135  -1.00848
2.53 2.46631  -1.00859
2.535 2.46127  -1.00869
2.54 2.45622  -1.0088
2.545 2.45118  -1.00892
2.55 2.44613  -1.00903
2.555 2.44109  -1.00914
2.56 2.43604  -1.00926
2.565 2.431  -1.00938
2.57 2.42595  -1.0095
2.575 2.4209  -1.00962
2.58 2.41585  -1.00974
2.585 2.4108  -1.00987
2.59 2.40575  -1.00999
2.595 2.4007  -1.01012
2.6 2.39565  -1.01025
2.605 2.3906  -1.01039
2.61 2.38555  -1.01052
2.615 2.3805  -1.01066
2.62 2.37544  -1.0108
2.625 2.37039  -1.01094
2.63 2.36533  -1.01108
2.635 2.36028  -1.01123
2.64 2.35522  -1.01137
2.645 2.35016  -1.01152
2.65 2.3451  -1.01167
2.655 2.34005  -1.01183
2.66 2.33499  -1.01198
2.665 2.32993  -1.01214
2.67 2.32487  -1.0123
2.675 2.3198  -1.01247
2.68 2.31474  -1.01263
2.685 2.30968  -1.0128
2.69 2.30461  -1.01297
2.695 2.29955  -1.01315
2.7 2.29448  -1.01332
2.705 2.28941  -1.0135
2.71 2.28435  -1.01369
2.715 2.27928  -1.01387
2.72 2.27421  -1.01406
2.725 2.26914  -1.01425
2.73 2.26406  -1.01444
2.735 2.25899  -1.01464
2.74 2.25392  -1.01484
2.745 2.24884  -1.01504
2.75 2.24377  -1.01525
2.755 2.23869  -1.01546
2.76 2.23361  -1.01567
2.765 2.22853  -1.01589
2.77 2.22345  -1.01611
2.775 2.21837  -1.01633
2.78 2.21329  -1.01656
2.785 2.20821  -1.01679
2.79 2.20312  -1.01702
2.795 2.19804  -1.01726
2.8 2.19295  -1.0175
2.805 2.18786  -1.01775
2.81 2.18277  -1.018
2.815 2.17768  -1.01825
2.82 2.17259  -1.01851
2.825 2.1675  -1.01877
2.83 2.1624  -1.01904
2.835 2.15731  -1.01931
2.84 2.15221  -1.01958
2.845 2.14711  -1.01986
2.85 2.14201  -1.02015
2.855 2.13691  -1.02044
2.86 2.13181  -1.02073
2.865 2.1267  -1.02103
2.87 2.1216  -1.02134
2.875 2.11649  -1.02164
2.88 2.11138  -1.02196
2.885 2.10627  -1.02228
2.89 2.10116  -1.0226
2.895 2.09604  -1.02294
2.9 2.09093  -1.02327
2.905 2.08581  -1.02361
2.91 2.08069  -1.02396
2.915 2.07557  -1.02432
2.92 2.07045  -1.02468
2.925 2.06532  -1.02504
2.93 2.0602  -1.02541
2.935 2.05507  -1.02579
2.94 2.04994  -1.02618
2.945 2.04481  -1.02657
2.95 2.03967  -1.02697
2.955 2.03454  -1.02738
2.96 2.0294  -1.02779
2.965 2.02426  -1.02821
2.97 2.01912  -1.02864
2.975 2.01397  -1.02908
2.98 2.00883  -1.02952
2.985 2.00368  -1.02997
2.99 1.99853  -1.03043
2.995 1.99337  -1.0309
3 1.98822  -1.03138
3.005 1.98306  -1.03186
3.01 1.9779  -1.03235
3.015 1.97274  -1.03286
3.02 1.96757  -1.03337
3.025 1.9624  -1.03389
3.03 1.95723  -1.03442
3.035 1.95206  -1.03496
3.04 1.94688  -1.03551
3.045 1.9417  -1.03607
3.05 1.93652  -1.03664
3.055 1.93134  -1.03723
3.06 1.92615  -1.03782
3.065 1.92096  -1.03842
3.07 1.91577  -1.03904
3.075 1.91057  -1.03966
3.08 1.90537  -1.0403
3.085 1.90017  -1.04095
3.09 1.89496  -1.04161
3.095 1.88975  -1.04229
3.1 1.88454  -1.04298
3.105 1.87932  -1.04368
3.11 1.8741  -1.04439
3.115 1.86888  -1.04512
3.12 1.86365  -1.04587
3.125 1.85842  -1.04662
3.13 1.85318  -1.0474
3.135 1.84794  -1.04818
3.14 1.8427  -1.04899
3.145 1.83745  -1.0498
3.15 1.8322  -1.05064
3.155 1.82695  -1.05149
3.16 1.82169  -1.05236
3.165 1.81642  -1.05324
3.17 1.81116  -1.05415
3.175 1.80588  -1.05507
3.18 1.8006  -1.05601
3.185 1.79532  -1.05697
3.19 1.79004  -1.05794
3.195 1.78474  -1.05894
3.2 1.77945  -1.05996
3.205 1.77414  -1.061
3.21 1.76884  -1.06206
3.215 1.76352  -1.06314
3.22 1.7582  -1.06425
3.225 1.75288  -1.06537
3.23 1.74755  -1.06653
3.235 1.74222  -1.0677
3.24 1.73687  -1.0689
3.245 1.73153  -1.07013
3.25 1.72617  -1.07138
3.255 1.72081  -1.07265
3.26 1.71545  -1.07396
3.265 1.71007  -1.07529
3.27 1.70469  -1.07665
3.275 1.69931  -1.07804
3.28 1.69391  -1.07946
3.285 1.68851  -1.08092
3.29 1.6831  -1.0824
3.295 1.67769  -1.08391
3.3 1.67226  -1.08546
3.305 1.66683  -1.08705
3.31 1.66139  -1.08866
3.315 1.65595  -1.09032
3.32 1.65049  -1.09201
3.325 1.64503  -1.09374
3.33 1.63955  -1.0955
3.335 1.63407  -1.09731
3.34 1.62858  -1.09916
3.345 1.62308  -1.10105
3.35 1.61757  -1.10298
3.355 1.61205  -1.10496
3.36 1.60652  -1.10698
3.365 1.60098  -1.10905
3.37 1.59543  -1.11117
3.375 1.58987  -1.11334
3.38 1.5843  -1.11556
3.385 1.57871  -1.11783
3.39 1.57312  -1.12015
3.395 1.56751  -1.12253
3.4 1.56189  -1.12496
3.405 1.55626  -1.12746
3.41 1.55062  -1.13001
3.415 1.54496  -1.13262
3.42 1.53929  -1.1353
3.425 1.53361  -1.13804
3.43 1.52791  -1.14085
3.435 1.5222  -1.14373
3.44 1.51647  -1.14668
3.445 1.51073  -1.14971
3.45 1.50498  -1.1528
3.455 1.49921  -1.15598
3.46 1.49342  -1.15923
3.465 1.48761  -1.16257
3.47 1.48179  -1.16599
3.475 1.47595  -1.1695
3.48 1.4701  -1.1731
3.485 1.46422  -1.17679
3.49 1.45833  -1.18057
3.495 1.45242  -1.18445
3.5 1.44648  -1.18843
3.505 1.44053  -1.19252
3.51 1.43456  -1.19672
3.515 1.42856  -1.20102
3.52 1.42255  -1.20544
3.525 1.41651  -1.20997
3.53 1.41045  -1.21463
3.535 1.40436  -1.21941
3.54 1.39825  -1.22432
3.545 1.39212  -1.22936
3.55 1.38596  -1.23453
3.555 1.37978  -1.23985
3.56 1.37356  -1.24531
3.565 1.36732  -1.25093
3.57 1.36105  -1.25669
3.575 1.35476  -1.26261
3.58 1.34843  -1.2687
3.585 1.34207  -1.27496
3.59 1.33568  -1.28139
3.595 1.32925  -1.288
3.6 1.3228  -1.29479
3.605 1.31631  -1.30177
3.61 1.30978  -1.30895
3.615 1.30322  -1.31633
3.62 1.29662  -1.32391
3.625 1.28998  -1.33171
3.63 1.2833  -1.33972
3.635 1.27658  -1.34796
3.64 1.26982  -1.35643
3.645 1.26302  -1.36513
3.65 1.25617  -1.37407
3.655 1.24928  -1.38325
3.66 1.24234  -1.39269
3.665 1.23535  -1.40238
3.67 1.22831  -1.41233
3.675 1.22123  -1.42255
3.68 1.21409  -1.43303
3.685 1.2069  -1.44377
3.69 1.19965  -1.45479
3.695 1.19235  -1.46607
3.7 1.18499  -1.47762
3.705 1.17757  -1.48944
3.71 1.17009  -1.5015
3.715 1.16256  -1.51382
3.72 1.15496  -1.52637
3.725 1.14729  -1.53914
3.73 1.13956  -1.55211
3.735 1.13177  -1.56526
3.74 1.12391  -1.57854
3.745 1.11599  -1.59193
3.75 1.10799  -1.60536
3.755 1.09993  -1.61879
3.76 1.0918  -1.63214
3.765 1.08361  -1.64532
3.77 1.07535  -1.65824
3.775 1.06703  -1.67075
3.78 1.05864  -1.68273
3.785 1.0502  -1.69398
3.79 1.0417  -1.7043
3.795 1.03316  -1.71344
3.8 1.02457  -1.72112
3.805 1.01595  -1.72698
3.81 1.0073  -1.73063
3.815 0.998641  -1.7316
3.82 0.989984  -1.72935
3.825 0.981347  -1.72325
3.83 0.972752  -1.71259
3.835 0.964221  -1.69657
3.84 0.955786  -1.67428
3.845 0.947479  -1.64472
3.85 0.939339  -1.6068
3.855 0.931411  -1.55939
3.86 0.923745  -1.5013
3.865 0.916398  -1.43139
3.87 0.909431  -1.34858
3.875 0.902912  -1.25197
3.88 0.896911  -1.14095
3.885 0.891502  -1.0153
3.89 0.886758  -0.875289
3.895 0.882749  -0.7218
3.9 0.87954  -0.556365
3.905 0.877186  -0.381178
3.91 0.875728  -0.199021
3.915 0.875196  -0.0131287
3.92 0.875597  0.173013
3.925 0.876926  0.355899
3.93 0.879156  0.532247
3.935 0.882248  0.699201
3.94 0.886148  0.854479
3.945 0.890793  0.996453
3.95 0.896113  1.12416
3.955 0.902034  1.23723
3.96 0.908485  1.33584
3.965 0.915393  1.42054
3.97 0.92269  1.49221
3.975 0.930315  1.55189
3.98 0.938209  1.60073
3.985 0.946322  1.63991
3.99 0.954608  1.67058
3.995 0.963028  1.69383
4 0.971547  1.71068
4.005 0.980135  1.72204
4.01 0.988767  1.72874
4.015 0.997422  1.73149
4.02 1.00608  1.73094
4.025 1.01473  1.72764
4.03 1.02336  1.72206
4.035 1.03195  1.71462
4.04 1.0405  1.70566
4.045 1.04901  1.69549
4.05 1.05746  1.68436
4.055 1.06585  1.67247
4.06 1.07418  1.66002
4.065 1.08245  1.64716
4.07 1.09066  1.63401
4.075 1.09879  1.62068
4.08 1.10686  1.60725
4.085 1.11487  1.59381
4.09 1.1228  1.58042
4.095 1.13067  1.56712
4.1 1.13847  1.55395
4.105 1.14621  1.54096
4.11 1.15388  1.52816
4.115 1.16149  1.51557
4.12 1.16904  1.50322
4.125 1.17652  1.49112
4.13 1.18395  1.47927
4.135 1.19132  1.46768
4.14 1.19863  1.45636
4.145 1.20588  1.44531
4.15 1.21308  1.43452
4.155 1.22022  1.42401
4.16 1.22732  1.41376
4.165 1.23436  1.40377
4.17 1.24136  1.39404
4.175 1.2483  1.38457
4.18 1.2552  1.37535
4.185 1.26206  1.36637
4.19 1.26887  1.35764
4.195 1.27563  1.34914
4.2 1.28236  1.34087
4.205 1.28904  1.33282
4.21 1.29569  1.325
4.215 1.30229  1.31738
4.22 1.30886  1.30998
4.225 1.31539  1.30277
4.23 1.32189  1.29576
4.235 1.32835  1.28894
4.24 1.33478  1.28231
4.245 1.34117  1.27585
4.25 1.34753  1.26957
4.255 1.35387  1.26346
4.26 1.36017  1.25751
4.265 1.36644  1.25173
4.27 1.37269  1.24609
4.275 1.3789  1.24061
4.28 1.38509  1.23527
4.285 1.39126  1.23008
4.29 1.39739  1.22502
4.295 1.40351  1.22009
4.3 1.40959  1.21529
4.305 1.41566  1.21062
4.31 1.4217  1.20607
4.315 1.42772  1.20163
4.32 1.43372  1.19731
4.325 1.43969  1.19311
4.33 1.44565  1.189
4.335 1.45158  1.18501
4.34 1.4575  1.18111
4.345 1.46339  1.17731
4.35 1.46927  1.17361
4.355 1.47513  1.17
4.36 1.48097  1.16648
4.365 1.48679  1.16305
4.37 1.4926  1.1597
4.375 1.49839  1.15643
4.38 1.50417  1.15325
4.385 1.50992  1.15014
4.39 1.51567  1.1471
4.395 1.5214  1.14414
4.4 1.52711  1.14126
4.405 1.53281  1.13844
4.41 1.53849  1.13568
4.415 1.54416  1.133
4.42 1.54982  1.13037
4.425 1.55547  1.12781
4.43 1.5611  1.12531
4.435 1.56672  1.12287
4.44 1.57233  1.12048
4.445 1.57793  1.11815
4.45 1.58351  1.11587
4.455 1.58908  1.11365
4.46 1.59465  1.11147
4.465 1.6002  1.10935
4.47 1.60574  1.10727
4.475 1.61127  1.10524
4.48 1.61679  1.10326
4.485 1.6223  1.10132
4.49 1.62781  1.09942
4.495 1.6333  1.09757
4.5 1.63878  1.09576
4.505 1.64426  1.09398
4.51 1.64972  1.09225
4.515 1.65518  1.09055
4.52 1.66063  1.0889
4.525 1.66607  1.08727
4.53 1.6715  1.08568
4.535 1.67693  1.08413
4.54 1.68234  1.08261
4.545 1.68775  1.08112
4.55 1.69315  1.07967
4.555 1.69855  1.07824
4.56 1.70394  1.07685
4.565 1.70932  1.07548
4.57 1.71469  1.07415
4.575 1.72006  1.07284
4.58 1.72542  1.07156
4.585 1.73077  1.0703
4.59 1.73612  1.06907
4.595 1.74146  1.06787
4.6 1.7468  1.06669
4.605 1.75213  1.06553
4.61 1.75746  1.0644
4.615 1.76277  1.0633
4.62 1.76809  1.06221
4.625 1.7734  1.06115
4.63 1.7787  1.0601
4.635 1.784  1.05908
4.64 1.78929  1.05808
4.645 1.79458  1.0571
4.65 1.79986  1.05614
4.655 1.80514  1.0552
4.66 1.81041  1.05427
4.665 1.81568  1.05337
4.67 1.82095  1.05248
4.675 1.82621  1.05161
4.68 1.83146  1.05076
4.685 1.83672  1.04992
4.69 1.84196  1.0491
4.695 1.84721  1.0483
4.7 1.85245  1.04751
4.705 1.85768  1.04673
4.71 1.86291  1.04597
4.715 1.86814  1.04523
4.72 1.87337  1.0445
4.725 1.87859  1.04378
4.73 1.8838  1.04308
4.735 1.88902  1.04239
4.74 1.89423  1.04171
4.745 1.89943  1.04104
4.75 1.90464  1.04039
4.755 1.90984  1.03975
4.76 1.91504  1.03912
4.765 1.92023  1.03851
4.77 1.92542  1.0379
4.775 1.93061  1.03731
4.78 1.93579  1.03672
4.785 1.94098  1.03615
4.79 1.94615  1.03559
4.795 1.95133  1.03504
4.8 1.95651  1.0345
4.805 1.96168  1.03396
4.81 1.96684  1.03344
4.815 1.97201  1.03293
4.82 1.97717  1.03242
4.825 1.98234  1.03193
4.83 1.98749  1.03144
4.835 1.99265  1.03097
4.84 1.9978  1.0305
4.845 2.00295  1.03004
4.85 2.0081  1.02958
4.855 2.01325  1.02914
4.86 2.01839  1.0287
4.865 2.02354  1.02827
4.87 2.02868  1.02785
4.875 2.03382  1.02744
4.88 2.03895  1.02703
4.885 2.04409  1.02663
4.89 2.04922  1.02623
4.895 2.05435  1.02585
4.9 2.05948  1.02547
4.905 2.0646  1.02509
4.91 2.06973  1.02473
4.915 2.07485  1.02437
4.92 2.07997  1.02401
4.925 2.08509  1.02366
4.93 2.09021  1.02332
4.935 2.09532  1.02298
4.94 2.10044  1.02265
4.945 2.10555  1.02232
4.95 2.11066  1.022
4.955 2.11577  1.02169
4.96 2.12088  1.02138
4.965 2.12598  1.02107
4.97 2.13109  1.02077
4.975 2.13619  1.02048
4.98 2.14129  1.02019
4.985 2.14639  1.0199
4.99 2.15149  1.01962
4.995 2.15659  1.01935
5 2.16169  1.01908
5.005 2.16678  1.01881
5.01 2.17187  1.01855
5.015 2.17697  1.01829
5.02 2.18206  1.01803
5.025 2.18715  1.01778
5.03 2.19223  1.01754
5.035 2.19732  1.01729
5.04 2.20241  1.01706
5.045 2.20749  1.01682
5.05 2.21258  1.01659
5.055 2.21766  1.01636
5.06 2.22274  1.01614
5.065 2.22782  1.01592
5.07 2.2329  1.0157
5.075 2.23798  1.01549
5.08 2.24305  1.01528
5.085 2.24813  1.01507
5.09 2.2532  1.01487
5.095 2.25828  1.01467
5.1 2.26335  1.01447
5.105 2.26842  1.01428
5.11 2.27349  1.01409
5.115 2.27856  1.0139
5.12 2.28363  1.01371
5.125 2.2887  1.01353
5.13 2.29377  1.01335
5.135 2.29883  1.01317
5.14 2.3039  1.013
5.145 2.30896  1.01283
5.15 2.31403  1.01266
5.155 2.31909  1.01249
5.16 2.32415  1.01233
5.165 2.32921  1.01217
5.17 2.33427  1.01201
5.175 2.33933  1.01185
5.18 2.34439  1.0117
5.185 2.34945  1.01154
5.19 2.35451  1.01139
5.195 2.35957  1.01125
5.2 2.36462  1.0111
5.205 2.36968  1.01096
5.21 2.37473  1.01082
5.215 2.37978  1.01068
5.22 2.38484  1.01054
5.225 2.38989  1.01041
5.23 2.39494  1.01027
5.235 2.39999  1.01014
5.24 2.40504  1.01001
5.245 2.41009  1.00989
5.25 2.41514  1.00976
5.255 2.42019  1.00964
5.26 2.42524  1.00951
5.265 2.43029  1.00939
5.27 2.43533  1.00928
5.275 2.44038  1.00916
5.28 2.44542  1.00904
5.285 2.45047  1.00893
5.29 2.45551  1.00882
5.295 2.46056  1.00871
5.3 2.4656  1.0086
5.305 2.47064  1.00849
5.31 2.47568  1.00839
5.315 2.48073  1.00828
5.32 2.48577  1.00818
5.325 2.49081  1.00808
5.33 2.49585  1.00798
5.335 2.50089  1.00788
5.34 2.50593  1.00779
5.345 2.51097  1.00769
5.35 2.516  1.0076
5.355 2.52104  1.0075
5.36 2.52608  1.00741
5.365 2.53112  1.00732
5.37 2.53615  1.00723
5.375 2.54119  1.00714
5.38 2.54622  1.00706
5.385 2.55126  1.00697
5.39 2.55629  1.00689
5.395 2.56133  1.0068
5.4 2.56636  1.00672
5.405 2.57139  1.00664
5.41 2.57643  1.00656
5.415 2.58146  1.00648
5.42 2.58649  1.0064
5.425 2.59152  1.00633
5.43 2.59656  1.00625
5.435 2.60159  1.00618
5.44 2.60662  1.0061
5.445 2.61165  1.00603
5.45 2.61668  1.00596
5.455 2.62171  1.00589
5.46 2.62674  1.00582
5.465 2.63177  1.00575
5.47 2.63679  1.00568
5.475 2.64182  1.00562
5.48 2.64685  1.00555
5.485 2.65188  1.00548
5.49 2.65691  1.00542
5.495 2.66193  1.00536
5.5 2.66696  1.00529
5.505 2.67199  1.00523
5.51 2.67701  1.00517
5.515 2.68204  1.00511
5.52 2.68706  1.00505
5.525 2.69209  1.00499
5.53 2.69711  1.00493
5.535 2.70214  1.00488
5.54 2.70716  1.00482
5.545 2.71219  1.00476
5.55 2.71721  1.00471
5.555 2.72223  1.00466
5.56 2.72726  1.0046
5.565 2.73228  1.00455
5.57 2.7373  1.0045
5.575 2.74232  1.00444
5.58 2.74735  1.00439
5.585 2.75237  1.00434
5.59 2.75739  1.00429
5.595 2.76241  1.00424
5.6 2.76743  1.0042
5.605 2.77245  1.00415
5.61 2.77747  1.0041
5.615 2.78249  1.00405
5.62 2.78751  1.00401
5.625 2.79253  1.00396
5.63 2.79755  1.00392
5.635 2.80257  1.00387
5.64 2.80759  1.00383
5.645 2.81261  1.00379
5.65 2.81763  1.00374
5.655 2.82265  1.0037
5.66 2.82767  1.00366
5.665 2.83268  1.00362
5.67 2.8377  1.00358
5.675 2.84272  1.00354
5.68 2.84774  1.0035
5.685 2.85276  1.00346
5.69 2.85777  1.00342
5.695 2.86279  1.00338
5.7 2.86781  1.00335
5.705 2.87282  1.00331
5.71 2.87784  1.00327
5.715 2.88286  1.00324
5.72 2.88787  1.0032
5.725 2.89289  1.00316
5.73 2.8979  1.00313
5.735 2.90292  1.00309
5.74 2.90793  1.00306
5.745 2.91295  1.00303
5.75 2.91796  1.00299
5.755 2.92298  1.00296
5.76 2.92799  1.00293
5.765 2.93301  1.0029
5.77 2.93802  1.00286
5.775 2.94304  1.00283
5.78 2.94805  1.0028
5.785 2.95307  1.00277
5.79 2.95808  1.00274
5.795 2.96309  1.00271
5.8 2.96811  1.00268
5.805 2.97312  1.00265
5.81 2.97813  1.00262
5.815 2.98315  1.00259
5.82 2.98816  1.00256
5.825 2.99317  1.00254
5.83 2.99818  1.00251
5.835 3.0032  1.00248
5.84 3.00821  1.00246
5.845 3.01322  1.00243
5.85 3.01823  1.0024
5.855 3.02325  1.00238
5.86 3.02826  1.00235
5.865 3.03327  1.00232
5.87 3.03828  1.0023
5.875 3.04329  1.00227
5.88 3.0483  1.00225
5.885 3.05331  1.00223
5.89 3.05833  1.0022
5.895 3.06334  1.00218
5.9 3.06835  1.00215
5.905 3.07336  1.00213
5.91 3.07837  1.00211
5.915 3.08338  1.00209
5.92 3.08839  1.00206
5.925 3.0934  1.00204
5.93 3.09841  1.00202
5.935 3.10342  1.002
5.94 3.10843  1.00198
5.945 3.11344  1.00196
5.95 3.11845  1.00193
5.955 3.12346  1.00191
5.96 3.12847  1.00189
5.965 3.13348  1.00187
5.97 3.13849  1.00185
5.975 3.1435  1.00183
5.98 3.14851  1.00181
5.985 3.15351  1.00179
5.99 3.15852  1.00178
5.995 3.16353  1.00176
6 3.16854  1.00174
6.005 3.17355  1.00172
6.01 3.17856  1.0017
6.015 3.18357  1.00168
6.02 3.18858  1.00166
6.025 3.19358  1.00165
6.03 3.19859  1.00163
6.035 3.2036  1.00161
6.04 3.20861  1.0016
6.045 3.21362  1.00158
6.05 3.21862  1.00156
6.055 3.22363  1.00154
6.06 3.22864  1.00153
6.065 3.23365  1.00151
6.07 3.23865  1.0015
6.075 3.24366  1.00148
6.08 3.24867  1.00146
6.085 3.25368  1.00145
6.09 3.25868  1.00143
6.095 3.26369  1.00142
6.1 3.2687  1.0014
6.105 3.2737  1.00139
6.11 3.27871  1.00137
6.115 3.28372  1.00136
6.12 3.28873  1.00135
6.125 3.29373  1.00133
6.13 3.29874  1.00132
6.135 3.30374  1.0013
6.14 3.30875  1.00129
6.145 3.31376  1.00128
6.15 3.31876  1.00126
6.155 3.32377  1.00125
6.16 3.32878  1.00124
6.165 3.33378  1.00122
6.17 3.33879  1.00121
6.175 3.34379  1.0012
6.18 3.3488  1.00118
6.185 3.35381  1.00117
6.19 3.35881  1.00116
6.195 3.36382  1.00115
6.2 3.36882  1.00113
6.205 3.37383  1.00112
6.21 3.37884  1.00111
6.215 3.38384  1.0011
6.22 3.38885  1.00109
6.225 3.39385  1.00108
6.23 3.39886  1.00106
6.235 3.40386  1.00105
6.24 3.40887  1.00104
6.245 3.41387  1.00103
6.25 3.41888  1.00102
6.255 3.42388  1.00101
6.26 3.42889  1.001
6.265 3.43389  1.00099
6.27 3.4389  1.00098
6.275 3.4439  1.00097
6.28 3.44891  1.00096
6.285 3.45391  1.00095
6.29 3.45892  1.00094
6.295 3.46392  1.00093
6.3 3.46893  1.00092
6.305 3.47393  1.00091
6.31 3.47894  1.0009
6.315 3.48394  1.00089
6.32 3.48894  1.00088
6.325 3.49395  1.00087
6.33 3.49895  1.00086
6.335 3.50396  1.00085
6.34 3.50896  1.00084
6.345 3.51397  1.00083
6.35 3.51897  1.00082
6.355 3.52397  1.00081
6.36 3.52898  1.00081
6.365 3.53398  1.0008
6.37 3.53899  1.00079
6.375 3.54399  1.00078
6.38 3.54899  1.00077
6.385 3.554  1.00076
6.39 3.559  1.00076
6.395 3.564  1.00075
6.4 3.56901  1.00074
6.405 3.57401  1.00073
6.41 3.57902  1.00072
6.415 3.58402  1.00072
6.42 3.58902  1.00071
6.425 3.59403  1.0007
6.43 3.59903  1.00069
6.435 3.60403  1.00069
6.44 3.60904  1.00068
6.445 3.61404  1.00067
6.45 3.61904  1.00066
6.455 3.62405  1.00066
6.46 3.62905  1.00065
6.465 3.63405  1.00064
6.47 3.63906  1.00064
6.475 3.64406  1.00063
6.48 3.64906  1.00062
6.485 3.65407  1.00061
6.49 3.65907  1.00061
6.495 3.66407  1.0006
6.5 3.66908  1.00059
6.505 3.67408  1.00059
6.51 3.67908  1.00058
6.515 3.68408  1.00058
6.52 3.68909  1.00057
6.525 3.69409  1.00056
6.53 3.69909  1.00056
6.535 3.7041  1.00055
6.54 3.7091  1.00054
6.545 3.7141  1.00054
6.55 3.7191  1.00053
6.555 3.72411  1.00053
6.56 3.72911  1.00052
6.565 3.73411  1.00051
6.57 3.73911  1.00051
6.575 3.74412  1.0005
6.58 3.74912  1.0005
6.585 3.75412  1.00049
6.59 3.75912  1.00049
6.595 3.76413  1.00048
6.6 3.76913  1.00048
6.605 3.77413  1.00047
6.61 3.77913  1.00046
6.615 3.78414  1.00046
6.62 3.78914  1.00045
6.625 3.79414  1.00045
6.63 3.79914  1.00044
6.635 3.80414  1.00044
6.64 3.80915  1.00043
6.645 3.81415  1.00043
6.65 3.81915  1.00042
6.655 3.82415  1.00042
6.66 3.82916  1.00041
6.665 3.83416  1.00041
6.67 3.83916  1.00041
6.675 3.84416  1.0004
6.68 3.84916  1.0004
6.685 3.85417  1.00039
6.69 3.85917  1.00039
6.695 3.86417  1.00038
6.7 3.86917  1.00038
6.705 3.87417  1.00037
6.71 3.87917  1.00037
6.715 3.88418  1.00036
6.72 3.88918  1.00036
6.725 3.89418  1.00036
6.73 3.89918  1.00035
6.735 3.90418  1.00035
6.74 3.90919  1.00034
6.745 3.91419  1.00034
6.75 3.91919  1.00034
6.755 3.92419  1.00033
6.76 3.92919  1.00033
6.765 3.93419  1.00032
6.77 3.9392  1.00032
6.775 3.9442  1.00032
6.78 3.9492  1.00031
6.785 3.9542  1.00031
6.79 3.9592  1.0003
6.795 3.9642  1.0003
6.8 3.9692  1.0003
6.805 3.97421  1.00029
6.81 3.97921  1.00029
6.815 3.98421  1.00029
6.82 3.98921  1.00028
6.825 3.99421  1.00028
6.83 3.99921  1.00028
6.835 4.00421  1.00027
6.84 4.00922  1.00027
6.845 4.01422  1.00027
6.85 4.01922  1.00026
6.855 4.02422  1.00026
6.86 4.02922  1.00026
6.865 4.03422  1.00025
6.87 4.03922  1.00025
6.875 4.04422  1.00025
6.88 4.04923  1.00024
6.885 4.05423  1.00024
6.89 4.05923  1.00024
6.895 4.06423  1.00023
6.9 4.06923  1.00023
6.905 4.07423  1.00023
6.91 4.07923  1.00022
6.915 4.08423  1.00022
6.92 4.08924  1.00022
6.925 4.09424  1.00022
6.93 4.09924  1.00021
6.935 4.10424  1.00021
6.94 4.10924  1.00021
6.945 4.11424  1.0002
6.95 4.11924  1.0002
6.955 4.12424  1.0002
6.96 4.12924  1.0002
6.965 4.13424  1.00019
6.97 4.13925  1.00019
6.975 4.14425  1.00019
6.98 4.14925  1.00019
6.985 4.15425  1.00018
6.99 4.15925  1.00018
6.995 4.16425  1.00018
7 4.16925  1.00018
7.005 4.17425  1.00017
7.01 4.17925  1.00017
7.015 4.18425  1.00017
7.02 4.18925  1.00017
7.025 4.19426  1.00016
7.03 4.19926  1.00016
7.035 4.20426  1.00016
7.04 4.20926  1.00016
7.045 4.21426  1.00015
7.05 4.21926  1.00015
7.055 4.22426  1.00015
7.06 4.22926  1.00015
7.065 4.23426  1.00015
7.07 4.23926  1.00014
7.075 4.24426  1.00014
7.08 4.24926  1.00014
7.085 4.25426  1.00014
7.09 4.25926  1.00013
7.095 4.26427  1.00013
7.1 4.26927  1.00013
7.105 4.27427  1.00013
7.11 4.27927  1.00013
7.115 4.28427  1.00012
7.12 4.28927  1.00012
7.125 4.29427  1.00012
7.13 4.29927  1.00012
7.135 4.30427  1.00012
7.14 4.30927  1.00012
7.145 4.31427  1.00011
7.15 4.31927  1.00011
7.155 4.32427  1.00011
7.16 4.32927  1.00011
7.165 4.33427  1.00011
7.17 4.33927  1.0001
7.175 4.34427  1.0001
7.18 4.34928  1.0001
7.185 4.35428  1.0001
7.19 4.35928  1.0001
7.195 4.36428  1.0001
7.2 4.36928  1.00009
7.205 4.37428  1.00009
7.21 4.37928  1.00009
7.215 4.38428  1.00009
7.22 4.38928  1.00009
7.225 4.39428  1.00009
7.23 4.39928  1.00008
7.235 4.40428  1.00008
7.24 4.40928  1.00008
7.245 4.41428  1.00008
7.25 4.41928  1.00008
7.255 4.42428  1.00008
7.26 4.42928  1.00008
7.265 4.43428  1.00007
7.27 4.43928  1.00007
7.275 4.44428  1.00007
7.28 4.44928  1.00007
7.285 4.45428  1.00007
7.29 4.45928  1.00007
7.295 4.46428  1.00007
7.3 4.46929  1.00006
7.305 4.47429  1.00006
7.31 4.47929  1.00006
7.315 4.48429  1.00006
7.32 4.48929  1.00006
7.325 4.49429  1.00006
7.33 4.49929  1.00006
7.335 4.50429  1.00006
7.34 4.50929  1.00005
7.345 4.51429  1.00005
7.35 4.51929  1.00005
7.355 4.52429  1.00005
7.36 4.52929  1.00005
7.365 4.53429  1.00005
7.37 4.53929  1.00005
7.375 4.54429  1.00005
7.38 4.54929  1.00005
7.385 4.55429  1.00004
7.39 4.55929  1.00004
7.395 4.56429  1.00004
7.4 4.56929  1.00004
7.405 4.57429  1.00004
7.41 4.57929  1.00004
7.415 4.58429  1.00004
7.42 4.58929  1.00004
7.425 4.59429  1.00004
7.43 4.59929  1.00004
7.435 4.60429  1.00003
7.44 4.60929  1.00003
7.445 4.61429  1.00003
7.45 4.61929  1.00003
7.455 4.62429  1.00003
7.46 4.62929  1.00003
7.465 4.63429  1.00003
7.47 4.63929  1.00003
7.475 4.64429  1.00003
7.48 4.64929  1.00003
7.485 4.65429  1.00003
7.49 4.65929  1.00003
7.495 4.66429  1.00002
7.5 4.66929  1.00002
7.505 4.67429  1.00002
7.51 4.67929  1.00002
7.515 4.68429  1.00002
7.52 4.68929  1.00002
7.525 4.69429  1.00002
7.53 4.69929  1.00002
7.535 4.70429  1.00002
7.54 4.70929  1.00002
7.545 4.71429  1.00002
7.55 4.71929  1.00002
7.555 4.72429  1.00002
7.56 4.7293  1.00002
7.565 4.7343  1.00002
7.57 4.7393  1.00001
7.575 4.7443  1.00001
7.58 4.7493  1.00001
7.585 4.7543  1.00001
7.59 4.7593  1.00001
7.595 4.7643  1.00001
7.6 4.7693  1.00001
7.605 4.7743  1.00001
7.61 4.7793  1.00001
7.615 4.7843  1.00001
7.62 4.7893  1.00001
7.625 4.7943  1.00001
7.63 4.7993  1.00001
7.635 4.8043  1.00001
7.64 4.8093  1.00001
7.645 4.8143  1.00001
7.65 4.8193  1.00001
7.655 4.8243  1.00001
7.66 4.8293  1.00001
7.665 4.8343  1.00001
7.67 4.8393  1.00001
7.675 4.8443  1.00001
7.68 4.8493  1
7.685 4.8543  1
7.69 4.8593  1
7.695 4.8643  1
7.7 4.8693  1
7.705 4.8743  1
7.71 4.8793  1
7.715 4.8843  1
7.72 4.8893  1
7.725 4.8943  1
7.73 4.8993  1
7.735 4.9043  1
7.74 4.9093  1
7.745 4.9143  1
7.75 4.9193  1
7.755 4.9243  1
7.76 4.9293  1
7.765 4.9343  1
7.77 4.9393  1
7.775 4.9443  1
7.78 4.9493  1
7.785 4.9543  1
7.79 4.9593  1
7.795 4.9643  1
7.8 4.9693  1
7.805 4.9743  1
7.81 4.9793  1
7.815 4.9843  1
7.82 4.9893  1
7.825 4.9943  1
7.83 4.9993  1
7.835 5.0043  1
7.84 5.0093  1
7.845 5.0143  1
7.85 5.0193  1
7.855 5.0243  1
7.86 5.0293  1
7.865 5.0343  1
7.87 5.0393  1
7.875 5.0443  1
7.88 5.0493  1
7.885 5.0543  1
7.89 5.0593  1
7.895 5.0643  1
7.9 5.0693  1
7.905 5.0743  1
7.91 5.0793  1
7.915 5.0843  1
7.92 5.0893  1
7.925 5.0943  1
7.93 5.0993  1
7.935 5.1043  1
7.94 5.1093  1
7.945 5.1143  1
7.95 5.1193  1
7.955 5.1243  1
7.96 5.1293  1
7.965 5.1343  1
7.97 5.1393  1
7.975 5.1443  1
7.98 5.1493  1
7.985 5.1543  1.00001
7.99 5.1593  1.00001
7.995 5.1643  1.00001
8 5.1693  1.00001
8.005 5.1743  1.00001
8.01 5.1793  1.00001
8.015 5.1843  1.00001
8.02 5.1893  1.00001
8.025 5.1943  1.00001
8.03 5.1993  1.00001
8.035 5.2043  1.00001
8.04 5.2093  1.00001
8.045 5.2143  1.00001
8.05 5.2193  1.00001
8.055 5.2243  1.00001
8.06 5.2293  1.00001
8.065 5.2343  1.00001
8.07 5.2393  1.00001
8.075 5.2443  1.00001
8.08 5.2493  1.00001
8.085 5.2543  1.00001
8.09 5.2593  1.00001
8.095 5.2643  1.00002
8.1 5.2693  1.00002
8.105 5.2743  1.00002
8.11 5.2793  1.00002
8.115 5.2843  1.00002
8.12 5.2893  1.00002
8.125 5.2943  1.00002
8.13 5.2993  1.00002
8.135 5.3043  1.00002
8.14 5.3093  1.00002
8.145 5.3143  1.00002
8.15 5.3193  1.00002
8.155 5.3243  1.00002
8.16 5.3293  1.00002
8.165 5.3343  1.00002
8.17 5.3393  1.00003
8.175 5.3443  1.00003
8.18 5.3493  1.00003
8.185 5.3543  1.00003
8.19 5.3593  1.00003
8.195 5.3643  1.00003
8.2 5.3693  1.00003
8.205 5.3743  1.00003
8.21 5.3793  1.00003
8.215 5.3843  1.00003
8.22 5.3893  1.00003
8.225 5.3943  1.00003
8.23 5.3993  1.00004
8.235 5.4043  1.00004
8.24 5.4093  1.00004
8.245 5.4143  1.00004
8.25 5.4193  1.00004
8.255 5.4243  1.00004
8.26 5.4293  1.00004
8.265 5.4343  1.00004
8.27 5.4393  1.00004
8.275 5.4443  1.00004
8.28 5.4493  1.00005
8.285 5.4543  1.00005
8.29 5.4593  1.00005
8.295 5.4643  1.00005
8.3 5.4693  1.00005
8.305 5.4743  1.00005
8.31 5.4793  1.00005
8.315 5.4843  1.00005
8.32 5.48931  1.00005
8.325 5.49431  1.00006
8.33 5.49931  1.00006
8.335 5.50431  1.00006
8.34 5.50931  1.00006
8.345 5.51431  1.00006
8.35 5.51931  1.00006
8.355 5.52431  1.00006
8.36 5.52931  1.00006
8.365 5.53431  1.00007
8.37 5.53931  1.00007
8.375 5.54431  1.00007
8.38 5.54931  1.00007
8.385 5.55431  1.00007
8.39 5.55931  1.00007
8.395 5.56431  1.00007
8.4 5.56931  1.00008
8.405 5.57431  1.00008
8.41 5.57931  1.00008
8.415 5.58431  1.00008
8.42 5.58931  1.00008
8.425 5.59431  1.00008
8.43 5.59931  1.00008
8.435 5.60431  1.00009
8.44 5.60931  1.00009
8.445 5.61431  1.00009
8.45 5.61931  1.00009
8.455 5.62431  1.00009
8.46 5.62932  1.00009
8.465 5.63432  1.0001
8.47 5.63932  1.0001
8.475 5.64432  1.0001
8.48 5.64932  1.0001
8.485 5.65432  1.0001
8.49 5.65932  1.0001
8.495 5.66432  1.00011
8.5 5.66932  1.00011
8.505 5.67432  1.00011
8.51 5.67932  1.00011
8.515 5.68432  1.00011
8.52 5.68932  1.00011
8.525 5.69432  1.00012
8.53 5.69932  1.00012
8.535 5.70432  1.00012
8.54 5.70932  1.00012
8.545 5.71432  1.00012
8.55 5.71933  1.00013
8.555 5.72433  1.00013
8.56 5.72933  1.00013
8.565 5.73433  1.00013
8.57 5.73933  1.00013
8.575 5.74433  1.00014
8.58 5.74933  1.00014
8.585 5.75433  1.00014
8.59 5.75933  1.00014
8.595 5.76433  1.00014
8.6 5.76933  1.00015
8.605 5.77433  1.00015
8.61 5.77933  1.00015
8.615 5.78433  1.00015
8.62 5.78934  1.00016
8.625 5.79434  1.00016
8.63 5.79934  1.00016
8.635 5.80434  1.00016
8.64 5.80934  1.00017
8.645 5.81434  1.00017
8.65 5.81934  1.00017
8.655 5.82434  1.00017
8.66 5.82934  1.00017
8.665 5.83434  1.00018
8.67 5.83934  1.00018
8.675 5.84434  1.00018
8.68 5.84935  1.00019
8.685 5.85435  1.00019
8.69 5.85935  1.00019
8.695 5.86435  1.00019
8.7 5.86935  1.0002
8.705 5.87435  1.0002
8.71 5.87935  1.0002
8.715 5.88435  1.0002
8.72 5.88935  1.00021
8.725 5.89435  1.00021
8.73 5.89936  1.00021
8.735 5.90436  1.00021
8.74 5.90936  1.00022
8.745 5.91436  1.00022
8.75 5.91936  1.00022
8.755 5.92436  1.00023
8.76 5.92936  1.00023
8.765 5.93436  1.00023
8.77 5.93936  1.00024
8.775 5.94437  1.00024
8.78 5.94937  1.00024
8.785 5.95437  1.00024
8.79 5.95937  1.00025
8.795 5.96437  1.00025
8.8 5.96937  1.00025
8.805 5.97437  1.00026
8.81 5.97937  1.00026
8.815 5.98438  1.00026
8.82 5.98938  1.00027
8.825 5.99438  1.00027
8.83 5.99938  1.00027
8.835 6.00438  1.00028
8.84 6.00938  1.00028
8.845 6.01438  1.00029
8.85 6.01939  1.00029
8.855 6.02439  1.00029
8.86 6.02939  1.0003
8.865 6.03439  1.0003
8.87 6.03939  1.0003
8.875 6.04439  1.00031
8.88 6.04939  1.00031
8.885 6.0544  1.00031
8.89 6.0594  1.00032
8.895 6.0644  1.00032
8.9 6.0694  1.00033
8.905 6.0744  1.00033
8.91 6.0794  1.00033
8.915 6.08441  1.00034
8.92 6.08941  1.00034
8.925 6.09441  1.00035
8.93 6.09941  1.00035
8.935 6.10441  1.00035
8.94 6.10941  1.00036
8.945 6.11442  1.00036
8.95 6.11942  1.00037
8.955 6.12442  1.00037
8.96 6.12942  1.00038
8.965 6.13442  1.00038
8.97 6.13943  1.00039
8.975 6.14443  1.00039
8.98 6.14943  1.00039
8.985 6.15443  1.0004
8.99 6.15943  1.0004
8.995 6.16444  1.00041
9 6.16944  1.00041
9.005 6.17444  1.00042
9.01 6.17944  1.00042
9.015 6.18444  1.00043
9.02 6.18945  1.00043
9.025 6.19445  1.00044
9.03 6.19945  1.00044
9.035 6.20445  1.00045
9.04 6.20945  1.00045
9.045 6.21446  1.00046
9.05 6.21946  1.00046
9.055 6.22446  1.00047
9.06 6.22946  1.00047
9.065 6.23447  1.00048
9.07 6.23947  1.00048
9.075 6.24447  1.00049
9.08 6.24947  1.0005
9.085 6.25448  1.0005
9.09 6.25948  1.00051
9.095 6.26448  1.00051
9.1 6.26948  1.00052
9.105 6.27449  1.00052
9.11 6.27949  1.00053
9.115 6.28449  1.00054
9.12 6.28949  1.00054
9.125 6.2945  1.00055
9.13 6.2995  1.00055
9.135 6.3045  1.00056
9.14 6.30951  1.00057
9.145 6.31451  1.00057
9.15 6.31951  1.00058
9.155 6.32451  1.00059
9.16 6.32952  1.00059
9.165 6.33452  1.0006
9.17 6.33952  1.00061
9.175 6.34453  1.00061
9.18 6.34953  1.00062
9.185 6.35453  1.00063
9.19 6.35954  1.00063
9.195 6.36454  1.00064
9.2 6.36954  1.00065
9.205 6.37455  1.00065
9.21 6.37955  1.00066
9.215 6.38455  1.00067
9.22 6.38955  1.00068
9.225 6.39456  1.00068
9.23 6.39956  1.00069
9.235 6.40457  1.0007
9.24 6.40957  1.00071
9.245 6.41457  1.00071
9.25 6.41958  1.00072
9.255 6.42458  1.00073
9.26 6.42958  1.00074
9.265 6.43459  1.00075
9.27 6.43959  1.00075
9.275 6.44459  1.00076
9.28 6.4496  1.00077
9.285 6.4546  1.00078
9.29 6.45961  1.00079
9.295 6.46461  1.0008
9.3 6.46961  1.0008
9.305 6.47462  1.00081
9.31 6.47962  1.00082
9.315 6.48463  1.00083
9.32 6.48963  1.00084
9.325 6.49463  1.00085
9.33 6.49964  1.00086
9.335 6.50464  1.00087
9.34 6.50965  1.00088
9.345 6.51465  1.00089
9.35 6.51966  1.00089
9.355 6.52466  1.0009
9.36 6.52967  1.00091
9.365 6.53467  1.00092
9.37 6.53967  1.00093
9.375 6.54468  1.00094
9.38 6.54968  1.00095
9.385 6.55469  1.00096
9.39 6.55969  1.00097
9.395 6.5647  1.00099
9.4 6.5697  1.001
9.405 6.57471  1.00101
9.41 6.57971  1.00102
9.415 6.58472  1.00103
9.42 6.58972  1.00104
9.425 6.59473  1.00105
9.43 6.59973  1.00106
9.435 6.60474  1.00107
9.44 6.60975  1.00108
9.445 6.61475  1.0011
9.45 6.61976  1.00111
9.455 6.62476  1.00112
9.46 6.62977  1.00113
9.465 6.63477  1.00114
9.47 6.63978  1.00116
9.475 6.64478  1.00117
9.48 6.64979  1.00118
9.485 6.6548  1.00119
9.49 6.6598  1.00121
9.495 6.66481  1.00122
9.5 6.66981  1.00123
9.505 6.67482  1.00124
9.51 6.67983  1.00126
9.515 6.68483  1.00127
9.52 6.68984  1.00129
9.525 6.69485  1.0013
9.53 6.69985  1.00131
9.535 6.70486  1.00133
9.54 6.70987  1.00134
9.545 6.71487  1.00136
9.55 6.71988  1.00137
9.555 6.72489  1.00138
9.56 6.72989  1.0014
9.565 6.7349  1.00141
9.57 6.73991  1.00143
9.575 6.74491  1.00144
9.58 6.74992  1.00146
9.585 6.75493  1.00148
9.59 6.75994  1.00149
9.595 6.76494  1.00151
9.6 6.76995  1.00152
9.605 6.77496  1.00154
9.61 6.77997  1.00156
9.615 6.78498  1.00157
9.62 6.78998  1.00159
9.625 6.79499  1.00161
9.63 6.8  1.00162
9.635 6.80501  1.00164
9.64 6.81002  1.00166
9.645 6.81502  1.00168
9.65 6.82003  1.0017
9.655 6.82504  1.00171
9.66 6.83005  1.00173
9.665 6.83506  1.00175
9.67 6.84007  1.00177
9.675 6.84508  1.00179
9.68 6.85008  1.00181
9.685 6.85509  1.00183
9.69 6.8601  1.00185
9.695 6.86511  1.00187
9.7 6.87012  1.00189
9.705 6.87513  1.00191
9.71 6.88014  1.00193
9.715 6.88515  1.00195
9.72 6.89016  1.00197
9.725 6.89517  1.00199
9.73 6.90018  1.00201
9.735 6.90519  1.00204
9.74 6.9102  1.00206
9.745 6.91521  1.00208
9.75 6.92022  1.0021
9.755 6.92523  1.00213
9.76 6.93024  1.00215
9.765 6.93525  1.00217
9.77 6.94026  1.0022
9.775 6.94528  1.00222
9.78 6.95029  1.00224
9.785 6.9553  1.00227
9.79 6.96031  1.00229
9.795 6.96532  1.00232
9.8 6.97033  1.00234
9.805 6.97534  1.00237
9.81 6.98036  1.00239
9.815 6.98537  1.00242
9.82 6.99038  1.00245
9.825 6.99539  1.00247
9.83 7.00041  1.0025
9.835 7.00542  1.00253
9.84 7.01043  1.00256
9.845 7.01544  1.00259
9.85 7.02046  1.00261
9.855 7.02547  1.00264
9.86 7.03048  1.00267
9.865 7.0355  1.0027
9.87 7.04051  1.00273
9.875 7.04552  1.00276
9.88 7.05054  1.00279
9.885 7.05555  1.00282
9.89 7.06057  1.00285
9.895 7.06558  1.00289
9.9 7.07059  1.00292
9.905 7.07561  1.00295
9.91 7.08062  1.00298
9.915 7.08564  1.00302
9.92 7.09065  1.00305
9.925 7.09567  1.00308
9.93 7.10068  1.00312
9.935 7.1057  1.00315
9.94 7.11072  1.00319
9.945 7.11573  1.00323
9.95 7.12075  1.00326
9.955 7.12577  1.0033
9.96 7.13078  1.00334
9.965 7.1358  1.00337
9.97 7.14082  1.00341
9.975 7.14583  1.00345
9.98 7.15085  1.00349
9.985 7.15587  1.00353
9.99 7.16089  1.00357
9.995 7.1659  1.00361
10 7.17092  1.00365
10.005 7.17594  1.00369
10.01 7.18096  1.00373
10.015 7.18598  1.00378
10.02 7.191  1.00382
10.025 7.19602  1.00386
10.03 7.20103  1.00391
10.035 7.20605  1.00395
10.04 7.21107  1.004
10.045 7.21609  1.00404
10.05 7.22111  1.00409
10.055 7.22614  1.00414
10.06 7.23116  1.00418
10.065 7.23618  1.00423
10.07 7.2412  1.00428
10.075 7.24622  1.00433
10.08 7.25124  1.00438
10.085 7.25626  1.00443
10.09 7.26129  1.00448
10.095 7.26631  1.00453
10.1 7.27133  1.00459
10.105 7.27635  1.00464
10.11 7.28138  1.00469
10.115 7.2864  1.00475
10.12 7.29142  1.0048
10.125 7.29645  1.00486
10.13 7.30147  1.00492
10.135 7.3065  1.00498
10.14 7.31152  1.00503
10.145 7.31655  1.00509
10.15 7.32157  1.00515
10.155 7.3266  1.00521
10.16 7.33163  1.00528
10.165 7.33665  1.00534
10.17 7.34168  1.0054
10.175 7.34671  1.00547
10.18 7.35173  1.00553
10.185 7.35676  1.0056
10.19 7.36179  1.00566
10.195 7.36682  1.00573
10.2 7.37185  1.0058
10.205 7.37688  1.00587
10.21 7.38191  1.00594
10.215 7.38694  1.00601
10.22 7.39197  1.00608
10.225 7.397  1.00616
10.23 7.40203  1.00623
10.235 7.40706  1.00631
10.24 7.41209  1.00638
10.245 7.41712  1.00646
10.25 7.42216  1.00654
10.255 7.42719  1.00662
10.26 7.43222  1.0067
10.265 7.43726  1.00678
10.27 7.44229  1.00686
10.275 7.44732  1.00695
10.28 7.45236  1.00703
10.285 7.45739  1.00712
10.29 7.46243  1.00721
10.295 7.46747  1.0073
10.3 7.4725  1.00739
10.305 7.47754  1.00748
10.31 7.48258  1.00757
10.315 7.48762  1.00766
10.32 7.49265  1.00776
10.325 7.49769  1.00785
10.33 7.50273  1.00795
10.335 7.50777  1.00805
10.34 7.51281  1.00815
10.345 7.51785  1.00825
10.35 7.5229  1.00836
10.355 7.52794  1.00846
10.36 7.53298  1.00857
10.365 7.53802  1.00868
10.37 7.54307  1.00879
10.375 7.54811  1.0089
10.38 7.55316  1.00901
10.385 7.5582  1.00913
10.39 7.56325  1.00924
10.395 7.56829  1.00936
10.4 7.57334  1.00948
10.405 7.57839  1.0096
10.41 7.58344  1.00972
10.415 7.58849  1.00985
10.42 7.59354  1.00998
10.425 7.59859  1.0101
10.43 7.60364  1.01024
10.435 7.60869  1.01037
10.44 7.61374  1.0105
10.445 7.61879  1.01064
10.45 7.62385  1.01078
10.455 7.6289  1.01092
10.46 7.63396  1.01106
10.465 7.63901  1.01121
10.47 7.64407  1.01135
10.475 7.64913  1.0115
10.48 7.65418  1.01165
10.485 7.65924  1.01181
10.49 7.6643  1.01196
10.495 7.66936  1.01212
10.5 7.67442  1.01228
10.505 7.67948  1.01244
10.51 7.68455  1.01261
10.515 7.68961  1.01278
10.52 7.69467  1.01295
10.525 7.69974  1.01312
10.53 7.70481  1.0133
10.535 7.70987  1.01348
10.54 7.71494  1.01366
10.545 7.72001  1.01384
10.55 7.72508  1.01403
10.555 7.73015  1.01422
10.56 7.73522  1.01442
10.565 7.74029  1.01461
10.57 7.74537  1.01481
10.575 7.75044  1.01501
10.58 7.75552  1.01522
10.585 7.76059  1.01543
10.59 7.76567  1.01564
10.595 7.77075  1.01586
10.6 7.77583  1.01608
10.605 7.78091  1.0163
10.61 7.78599  1.01653
10.615 7.79108  1.01676
10.62 7.79616  1.01699
10.625 7.80125  1.01723
10.63 7.80633  1.01747
10.635 7.81142  1.01771
10.64 7.81651  1.01796
10.645 7.8216  1.01822
10.65 7.82669  1.01847
10.655 7.83179  1.01873
10.66 7.83688  1.019
10.665 7.84198  1.01927
10.67 7.84707  1.01955
10.675 7.85217  1.01982
10.68 7.85727  1.02011
10.685 7.86237  1.0204
10.69 7.86748  1.02069
10.695 7.87258  1.02099
10.7 7.87769  1.02129
10.705 7.88279  1.0216
10.71 7.8879  1.02191
10.715 7.89301  1.02223
10.72 7.89812  1.02256
10.725 7.90324  1.02289
10.73 7.90835  1.02322
10.735 7.91347  1.02357
10.74 7.91859  1.02391
10.745 7.92371  1.02427
10.75 7.92883  1.02462
10.755 7.93395  1.02499
10.76 7.93908  1.02536
10.765 7.94421  1.02574
10.77 7.94934  1.02613
10.775 7.95447  1.02652
10.78 7.9596  1.02691
10.785 7.96474  1.02732
10.79 7.96988  1.02773
10.795 7.97502  1.02815
10.8 7.98016  1.02858
10.805 7.9853  1.02901
10.81 7.99045  1.02946
10.815 7.9956  1.02991
10.82 8.00075  1.03037
10.825 8.0059  1.03083
10.83 8.01106  1.03131
10.835 8.01621  1.03179
10.84 8.02137  1.03228
10.845 8.02654  1.03279
10.85 8.0317  1.0333
10.855 8.03687  1.03382
10.86 8.04204  1.03435
10.865 8.04721  1.03488
10.87 8.05239  1.03543
10.875 8.05757  1.03599
10.88 8.06275  1.03656
10.885 8.06793  1.03714
10.89 8.07312  1.03773
10.895 8.07831  1.03834
10.9 8.0835  1.03895
10.905 8.0887  1.03957
10.91 8.0939  1.04021
10.915 8.0991  1.04086
10.92 8.10431  1.04152
10.925 8.10952  1.04219
10.93 8.11473  1.04288
10.935 8.11995  1.04358
10.94 8.12516  1.04429
10.945 8.13039  1.04502
10.95 8.13562  1.04576
10.955 8.14085  1.04652
10.96 8.14608  1.04729
10.965 8.15132  1.04807
10.97 8.15656  1.04887
10.975 8.16181  1.04969
10.98 8.16706  1.05052
10.985 8.17231  1.05137
10.99 8.17757  1.05223
10.995 8.18283  1.05312
11 8.1881  1.05402
11.005 8.19338  1.05494
11.01 8.19865  1.05587
11.015 8.20393  1.05683
11.02 8.20922  1.0578
11.025 8.21451  1.0588
11.03 8.21981  1.05982
11.035 8.22511  1.06085
11.04 8.23042  1.06191
11.045 8.23573  1.06299
11.05 8.24105  1.06409
11.055 8.24637  1.06521
11.06 8.2517  1.06636
11.065 8.25703  1.06753
11.07 8.26237  1.06873
11.075 8.26772  1.06995
11.08 8.27307  1.0712
11.085 8.27843  1.07247
11.09 8.2838  1.07377
11.095 8.28917  1.0751
11.1 8.29455  1.07646
11.105 8.29994  1.07785
11.11 8.30533  1.07926
11.115 8.31073  1.08071
11.12 8.31614  1.08219
11.125 8.32155  1.0837
11.13 8.32697  1.08524
11.135 8.3324  1.08682
11.14 8.33784  1.08843
11.145 8.34329  1.09008
11.15 8.34874  1.09177
11.155 8.3542  1.09349
11.16 8.35968  1.09525
11.165 8.36516  1.09706
11.17 8.37065  1.0989
11.175 8.37615  1.10078
11.18 8.38165  1.10271
11.185 8.38717  1.10468
11.19 8.3927  1.1067
11.195 8.39824  1.10876
11.2 8.40379  1.11087
11.205 8.40935  1.11303
11.21 8.41492  1.11524
11.215 8.4205  1.1175
11.22 8.42609  1.11982
11.225 8.4317  1.12219
11.23 8.43732  1.12462
11.235 8.44295  1.1271
11.24 8.44859  1.12965
11.245 8.45424  1.13225
11.25 8.45991  1.13492
11.255 8.46559  1.13765
11.26 8.47129  1.14046
11.265 8.477  1.14332
11.27 8.48272  1.14626
11.275 8.48846  1.14928
11.28 8.49421  1.15236
11.285 8.49998  1.15553
11.29 8.50577  1.15877
11.295 8.51157  1.1621
11.3 8.51739  1.1655
11.305 8.52322  1.169
11.31 8.52908  1.17258
11.315 8.53495  1.17626
11.32 8.54084  1.18003
11.325 8.54675  1.1839
11.33 8.55268  1.18787
11.335 8.55863  1.19194
11.34 8.5646  1.19612
11.345 8.57059  1.20041
11.35 8.5766  1.20481
11.355 8.58264  1.20933
11.36 8.5887  1.21397
11.365 8.59478  1.21873
11.37 8.60088  1.22362
11.375 8.60701  1.22864
11.38 8.61317  1.2338
11.385 8.61935  1.23909
11.39 8.62556  1.24454
11.395 8.6318  1.25013
11.4 8.63806  1.25587
11.405 8.64436  1.26177
11.41 8.65068  1.26784
11.415 8.65703  1.27407
11.42 8.66342  1.28047
11.425 8.66984  1.28706
11.43 8.67629  1.29382
11.435 8.68278  1.30078
11.44 8.6893  1.30793
11.445 8.69586  1.31528
11.45 8.70245  1.32283
11.455 8.70909  1.3306
11.46 8.71576  1.33858
11.465 8.72247  1.34679
11.47 8.72923  1.35522
11.475 8.73602  1.36389
11.48 8.74286  1.37279
11.485 8.74975  1.38195
11.49 8.75668  1.39135
11.495 8.76366  1.401
11.5 8.77069  1.41092
11.505 8.77777  1.42109
11.51 8.78491  1.43154
11.515 8.79209  1.44225
11.52 8.79933  1.45322
11.525 8.80662  1.46447
11.53 8.81397  1.47598
11.535 8.82138  1.48776
11.54 8.82885  1.49979
11.545 8.83638  1.51207
11.55 8.84397  1.52459
11.555 8.85163  1.53733
11.56 8.85934  1.55028
11.565 8.86713  1.5634
11.57 8.87498  1.57667
11.575 8.88289  1.59004
11.58 8.89088  1.60347
11.585 8.89893  1.61691
11.59 8.90705  1.63027
11.595 8.91523  1.64348
11.6 8.92348  1.65644
11.605 8.9318  1.66902
11.61 8.94017  1.68108
11.615 8.94861  1.69245
11.62 8.9571  1.70291
11.625 8.96564  1.71224
11.63 8.97422  1.72014
11.635 8.98284  1.72628
11.64 8.99148  1.73027
11.645 9.00014  1.73164
11.65 9.0088  1.72988
11.655 9.01744  1.72437
11.66 9.02604  1.7144
11.665 9.03458  1.69918
11.67 9.04303  1.67783
11.675 9.05136  1.64935
11.68 9.05953  1.61268
11.685 9.06749  1.56668
11.69 9.07519  1.51017
11.695 9.08259  1.44198
11.7 9.08961  1.36104
11.705 9.0962  1.26642
11.71 9.10228  1.15746
11.715 9.10778  1.03386
11.72 9.11262  0.895831
11.725 9.11673  0.744161
11.73 9.12006  0.58029
11.735 9.12254  0.406319
11.74 9.12412  0.224956
11.745 9.12479  0.0393812
11.75 9.12452  -0.146939
11.755 9.12332  -0.330489
11.76 9.12121  -0.507942
11.765 9.11824  -0.67637
11.77 9.11445  -0.833405
11.775 9.1099  -0.977324
11.78 9.10467  -1.10707
11.785 9.09883  -1.2222
11.79 9.09245  -1.32282
11.795 9.0856  -1.40943
11.8 9.07836  -1.48287
11.805 9.07078  -1.54417
11.81 9.06292  -1.59447
11.815 9.05483  -1.63494
11.82 9.04657  -1.66674
11.825 9.03816  -1.69097
11.83 9.02966  -1.70866
11.835 9.02108  -1.72074
11.84 9.01245  -1.72805
11.845 9.0038  -1.73132
11.85 8.99514  -1.7312
11.855 8.98648  -1.72825
11.86 8.97785  -1.72297
11.865 8.96925  -1.71577
11.87 8.9607  -1.707
11.875 8.95218  -1.69699
11.88 8.94373  -1.68597
11.885 8.93532  -1.67418
11.89 8.92698  -1.6618
11.895 8.91871  -1.64899
11.9 8.91049  -1.63587
11.905 8.90235  -1.62256
11.91 8.89427  -1.60915
11.915 8.88626  -1.5957
11.92 8.87831  -1.5823
11.925 8.87043  -1.56898
11.93 8.86262  -1.5558
11.935 8.85488  -1.54277
11.94 8.84719  -1.52995
11.945 8.83958  -1.51733
11.95 8.83202  -1.50495
11.955 8.82453  -1.49281
11.96 8.81709  -1.48092
11.965 8.80972  -1.4693
11.97 8.8024  -1.45794
11.975 8.79514  -1.44685
11.98 8.78793  -1.43602
11.985 8.78078  -1.42547
11.99 8.77368  -1.41518
11.995 8.76663  -1.40516
12 8.75963  -1.39539
12.005 8.75267  -1.38588
12.01 8.74577  -1.37663
12.015 8.73891  -1.36762
12.02 8.73209  -1.35885
12.025 8.72532  -1.35032
12.03 8.71859  -1.34202
12.035 8.7119  -1.33394
12.04 8.70525  -1.32608
12.045 8.69864  -1.31844
12.05 8.69206  -1.31101
12.055 8.68553  -1.30377
12.06 8.67903  -1.29674
12.065 8.67256  -1.28989
12.07 8.66613  -1.28323
12.075 8.65973  -1.27675
12.08 8.65336  -1.27045
12.085 8.64702  -1.26431
12.09 8.64072  -1.25834
12.095 8.63444  -1.25253
12.1 8.62819  -1.24688
12.105 8.62197  -1.24137
12.11 8.61578  -1.23602
12.115 8.60961  -1.2308
12.12 8.60347  -1.22572
12.125 8.59735  -1.22078
12.13 8.59126  -1.21596
12.135 8.58519  -1.21127
12.14 8.57915  -1.2067
12.145 8.57313  -1.20225
12.15 8.56713  -1.19792
12.155 8.56115  -1.19369
12.16 8.55519  -1.18957
12.165 8.54925  -1.18556
12.17 8.54333  -1.18165
12.175 8.53743  -1.17784
12.18 8.53155  -1.17412
12.185 8.52569  -1.1705
12.19 8.51985  -1.16697
12.195 8.51402  -1.16352
12.2 8.50821  -1.16016
12.205 8.50242  -1.15689
12.21 8.49665  -1.15369
12.215 8.49089  -1.15057
12.22 8.48514  -1.14753
12.225 8.47941  -1.14456
12.23 8.47369  -1.14166
12.235 8.46799  -1.13883
12.24 8.46231  -1.13607
12.245 8.45663  -1.13337
12.25 8.45097  -1.13074
12.255 8.44533  -1.12817
12.26 8.43969  -1.12566
12.265 8.43407  -1.12321
12.27 8.42846  -1.12081
12.275 8.42286  -1.11847
12.28 8.41727  -1.11619
12.285 8.4117  -1.11396
12.29 8.40613  -1.11178
12.295 8.40058  -1.10964
12.3 8.39504  -1.10756
12.305 8.38951  -1.10553
12.31 8.38398  -1.10354
12.315 8.37847  -1.10159
12.32 8.37297  -1.09969
12.325 8.36747  -1.09783
12.33 8.36199  -1.09601
12.335 8.35651  -1.09423
12.34 8.35105  -1.09249
12.345 8.34559  -1.09079
12.35 8.34014  -1.08913
12.355 8.3347  -1.0875
12.36 8.32926  -1.08591
12.365 8.32384  -1.08435
12.37 8.31842  -1.08282
12.375 8.31301  -1.08133
12.38 8.30761  -1.07987
12.385 8.30221  -1.07844
12.39 8.29682  -1.07704
12.395 8.29144  -1.07567
12.4 8.28607  -1.07433
12.405 8.2807  -1.07302
12.41 8.27534  -1.07173
12.415 8.26998  -1.07048
12.42 8.26463  -1.06924
12.425 8.25929  -1.06804
12.43 8.25395  -1.06685
12.435 8.24862  -1.0657
12.44 8.24329  -1.06456
12.445 8.23797  -1.06345
12.45 8.23266  -1.06236
12.455 8.22735  -1.0613
12.46 8.22205  -1.06025
12.465 8.21675  -1.05923
12.47 8.21145  -1.05822
12.475 8.20616  -1.05724
12.48 8.20088  -1.05627
12.485 8.1956  -1.05533
12.49 8.19033  -1.0544
12.495 8.18506  -1.0535
12.5 8.17979  -1.05261
12.505 8.17453  -1.05173
12.51 8.16928  -1.05088
12.515 8.16402  -1.05004
12.52 8.15878  -1.04921
12.525 8.15353  -1.04841
12.53 8.14829  -1.04762
12.535 8.14305  -1.04684
12.54 8.13782  -1.04608
12.545 8.13259  -1.04533
12.55 8.12737  -1.0446
12.555 8.12215  -1.04388
12.56 8.11693  -1.04317
12.565 8.11172  -1.04248
12.57 8.10651  -1.0418
12.575 8.1013  -1.04114
12.58 8.09609  -1.04048
12.585 8.09089  -1.03984
12.59 8.0857  -1.03921
12.595 8.0805  -1.03859
12.6 8.07531  -1.03799
12.605 8.07012  -1.03739
12.61 8.06494  -1.03681
12.615 8.05975  -1.03623
12.62 8.05457  -1.03567
12.625 8.0494  -1.03512
12.63 8.04422  -1.03457
12.635 8.03905  -1.03404
12.64 8.03388  -1.03351
12.645 8.02872  -1.033
12.65 8.02355  -1.03249
12.655 8.01839  -1.032
12.66 8.01323  -1.03151
12.665 8.00808  -1.03103
12.67 8.00292  -1.03056
12.675 7.99777  -1.0301
12.68 7.99262  -1.02965
12.685 7.98747  -1.0292
12.69 7.98233  -1.02876
12.695 7.97719  -1.02833
12.7 7.97205  -1.02791
12.705 7.96691  -1.02749
12.71 7.96177  -1.02709
12.715 7.95664  -1.02668
12.72 7.9515  -1.02629
12.725 7.94637  -1.0259
12.73 7.94124  -1.02552
12.735 7.93612  -1.02515
12.74 7.93099  -1.02478
12.745 7.92587  -1.02442
12.75 7.92075  -1.02406
12.755 7.91563  -1.02371
12.76 7.91051  -1.02337
12.765 7.9054  -1.02303
12.77 7.90028  -1.0227
12.775 7.89517  -1.02237
12.78 7.89006  -1.02205
12.785 7.88495  -1.02173
12.79 7.87984  -1.02142
12.795 7.87473  -1.02112
12.8 7.86963  -1.02082
12.805 7.86453  -1.02052
12.81 7.85942  -1.02023
12.815 7.85432  -1.01994
12.82 7.84922  -1.01966
12.825 7.84413  -1.01939
12.83 7.83903  -1.01911
12.835 7.83394  -1.01885
12.84 7.82884  -1.01858
12.845 7.82375  -1.01832
12.85 7.81866  -1.01807
12.855 7.81357  -1.01782
12.86 7.80848  -1.01757
12.865 7.80339  -1.01733
12.87 7.79831  -1.01709
12.875 7.79322  -1.01685
12.88 7.78814  -1.01662
12.885 7.78306  -1.01639
12.89 7.77798  -1.01617
12.895 7.7729  -1.01595
12.9 7.76782  -1.01573
12.905 7.76274  -1.01552
12.91 7.75766  -1.01531
12.915 7.75258  -1.0151
12.92 7.74751  -1.0149
12.925 7.74244  -1.0147
12.93 7.73736  -1.0145
12.935 7.73229  -1.0143
12.94 7.72722  -1.01411
12.945 7.72215  -1.01392
12.95 7.71708  -1.01374
12.955 7.71201  -1.01355
12.96 7.70694  -1.01337
12.965 7.70188  -1.0132
12.97 7.69681  -1.01302
12.975 7.69175  -1.01285
12.98 7.68668  -1.01268
12.985 7.68162  -1.01251
12.99 7.67656  -1.01235
12.995 7.6715  -1.01219
13 7.66644  -1.01203
13.005 7.66138  -1.01187
13.01 7.65632  -1.01172
13.015 7.65126  -1.01156
13.02 7.6462  -1.01141
13.025 7.64115  -1.01127
13.03 7.63609  -1.01112
13.035 7.63104  -1.01098
13.04 7.62598  -1.01084
13.045 7.62093  -1.0107
13.05 7.61587  -1.01056
13.055 7.61082  -1.01042
13.06 7.60577  -1.01029
13.065 7.60072  -1.01016
13.07 7.59567  -1.01003
13.075 7.59062  -1.0099
13.08 7.58557  -1.00978
13.085 7.58052  -1.00965
13.09 7.57547  -1.00953
13.095 7.57042  -1.00941
13.1 7.56538  -1.00929
13.105 7.56033  -1.00918
13.11 7.55529  -1.00906
13.115 7.55024  -1.00895
13.12 7.5452  -1.00883
13.125 7.54015  -1.00872
13.13 7.53511  -1.00862
13.135 7.53007  -1.00851
13.14 7.52502  -1.0084
13.145 7.51998  -1.0083
13.15 7.51494  -1.0082
13.155 7.5099  -1.00809
13.16 7.50486  -1.00799
13.165 7.49982  -1.0079
13.17 7.49478  -1.0078
13.175 7.48974  -1.0077
13.18 7.4847  -1.00761
13.185 7.47967  -1.00752
13.19 7.47463  -1.00742
13.195 7.46959  -1.00733
13.2 7.46456  -1.00724
13.205 7.45952  -1.00716
13.21 7.45448  -1.00707
13.215 7.44945  -1.00698
13.22 7.44441  -1.0069
13.225 7.43938  -1.00682
13.23 7.43435  -1.00673
13.235 7.42931  -1.00665
13.24 7.42428  -1.00657
13.245 7.41925  -1.00649
13.25 7.41422  -1.00642
13.255 7.40918  -1.00634
13.26 7.40415  -1.00626
13.265 7.39912  -1.00619
13.27 7.39409  -1.00611
13.275 7.38906  -1.00604
13.28 7.38403  -1.00597
13.285 7.379  -1.0059
13.29 7.37397  -1.00583
13.295 7.36894  -1.00576
13.3 7.36391  -1.00569
13.305 7.35888  -1.00562
13.31 7.35386  -1.00556
13.315 7.34883  -1.00549
13.32 7.3438  -1.00543
13.325 7.33877  -1.00536
13.33 7.33375  -1.0053
13.335 7.32872  -1.00524
13.34 7.3237  -1.00518
13.345 7.31867  -1.00512
13.35 7.31364  -1.00506
13.355 7.30862  -1.005
13.36 7.30359  -1.00494
13.365 7.29857  -1.00488
13.37 7.29355  -1.00483
13.375 7.28852  -1.00477
13.38 7.2835  -1.00472
13.385 7.27847  -1.00466
13.39 7.27345  -1.00461
13.395 7.26843  -1.00456
13.4 7.26341  -1.0045
13.405 7.25838  -1.00445
13.41 7.25336  -1.0044
13.415 7.24834  -1.00435
13.42 7.24332  -1.0043
13.425 7.2383  -1.00425
13.43 7.23328  -1.0042
13.435 7.22825  -1.00416
13.44 7.22323  -1.00411
13.445 7.21821  -1.00406
13.45 7.21319  -1.00402
13.455 7.20817  -1.00397
13.46 7.20315  -1.00392
13.465 7.19813  -1.00388
13.47 7.19311  -1.00384
13.475 7.1881  -1.00379
13.48 7.18308  -1.00375
13.485 7.17806  -1.00371
13.49 7.17304  -1.00367
13.495 7.16802  -1.00363
13.5 7.163  -1.00358
13.505 7.15799  -1.00354
13.51 7.15297  -1.0035
13.515 7.14795  -1.00347
13.52 7.14293  -1.00343
13.525 7.13792  -1.00339
13.53 7.1329  -1.00335
13.535 7.12788  -1.00331
13.54 7.12287  -1.00328
13.545 7.11785  -1.00324
13.55 7.11283  -1.0032
13.555 7.10782  -1.00317
13.56 7.1028  -1.00313
13.565 7.09779  -1.0031
13.57 7.09277  -1.00306
13.575 7.08776  -1.00303
13.58 7.08274  -1.003
13.585 7.07773  -1.00296
13.59 7.07271  -1.00293
13.595 7.0677  -1.0029
13.6 7.06268  -1.00287
13.605 7.05767  -1.00284
13.61 7.05265  -1.00281
13.615 7.04764  -1.00277
13.62 7.04263  -1.00274
13.625 7.03761  -1.00271
13.63 7.0326  -1.00268
13.635 7.02759  -1.00265
13.64 7.02257  -1.00263
13.645 7.01756  -1.0026
13.65 7.01255  -1.00257
13.655 7.00753  -1.00254
13.66 7.00252  -1.00251
13.665 6.99751  -1.00249
13.67 6.9925  -1.00246
13.675 6.98748  -1.00243
13.68 6.98247  -1.00241
13.685 6.97746  -1.00238
13.69 6.97245  -1.00235
13.695 6.96744  -1.00233
13.7 6.96242  -1.0023
13.705 6.95741  -1.00228
13.71 6.9524  -1.00225
13.715 6.94739  -1.00223
13.72 6.94238  -1.00221
13.725 6.93737  -1.00218
13.73 6.93236  -1.00216
13.735 6.92735  -1.00213
13.74 6.92234  -1.00211
13.745 6.91733  -1.00209
13.75 6.91232  -1.00207
13.755 6.90731  -1.00204
13.76 6.9023  -1.00202
13.765 6.89729  -1.002
13.77 6.89228  -1.00198
13.775 6.88727  -1.00196
13.78 6.88226  -1.00194
13.785 6.87725  -1.00192
13.79 6.87224  -1.0019
13.795 6.86723  -1.00188
13.8 6.86222  -1.00186
13.805 6.85721  -1.00184
13.81 6.8522  -1.00182
13.815 6.84719  -1.0018
13.82 6.84218  -1.00178
13.825 6.83717  -1.00176
13.83 6.83216  -1.00174
13.835 6.82716  -1.00172
13.84 6.82215  -1.0017
13.845 6.81714  -1.00169
13.85 6.81213  -1.00167
13.855 6.80712  -1.00165
13.86 6.80211  -1.00163
13.865 6.7971  -1.00161
13.87 6.7921  -1.0016
13.875 6.78709  -1.00158
13.88 6.78208  -1.00156
13.885 6.77707  -1.00155
13.89 6.77207  -1.00153
13.895 6.76706  -1.00151
13.9 6.76205  -1.0015
13.905 6.75704  -1.00148
13.91 6.75204  -1.00147
13.915 6.74703  -1.00145
13.92 6.74202  -1.00144
13.925 6.73701  -1.00142
13.93 6.73201  -1.00141
13.935 6.727  -1.00139
13.94 6.72199  -1.00138
13.945 6.71699  -1.00136
13.95 6.71198  -1.00135
13.955 6.70697  -1.00133
13.96 6.70197  -1.00132
13.965 6.69696  -1.0013
13.97 6.69195  -1.00129
13.975 6.68695  -1.00128
13.98 6.68194  -1.00126
13.985 6.67693  -1.00125
13.99 6.67193  -1.00124
13.995 6.66692  -1.00122
14 6.66192  -1.00121
14.005 6.65691  -1.0012
14.01 6.6519  -1.00119
14.015 6.6469  -1.00117
14.02 6.64189  -1.00116
14.025 6.63689  -1.00115
14.03 6.63188  -1.00114
14.035 6.62687  -1.00112
14.04 6.62187  -1.00111
14.045 6.61686  -1.0011
14.05 6.61186  -1.00109
14.055 6.60685  -1.00108
14.06 6.60185  -1.00107
14.065 6.59684  -1.00105
14.07 6.59184  -1.00104
14.075 6.58683  -1.00103
14.08 6.58183  -1.00102
14.085 6.57682  -1.00101
14.09 6.57182  -1.001
14.095 6.56681  -1.00099
14.1 6.56181  -1.00098
14.105 6.5568  -1.00097
14.11 6.5518  -1.00096
14.115 6.54679  -1.00095
14.12 6.54179  -1.00094
14.125 6.53678  -1.00093
14.13 6.53178  -1.00092
14.135 6.52677  -1.00091
14.14 6.52177  -1.0009
14.145 6.51676  -1.00089
14.15 6.51176  -1.00088
14.155 6.50676  -1.00087
14.16 6.50175  -1.00086
14.165 6.49675  -1.00085
14.17 6.49174  -1.00084
14.175 6.48674  -1.00083
14.18 6.48173  -1.00082
14.185 6.47673  -1.00082
14.19 6.47173  -1.00081
14.195 6.46672  -1.0008
14.2 6.46172  -1.00079
14.205 6.45671  -1.00078
14.21 6.45171  -1.00077
14.215 6.44671  -1.00077
14.22 6.4417  -1.00076
14.225 6.4367  -1.00075
14.23 6.4317  -1.00074
14.235 6.42669  -1.00073
14.24 6.42169  -1.00072
14.245 6.41668  -1.00072
14.25 6.41168  -1.00071
14.255 6.40668  -1.0007
14.26 6.40167  -1.00069
14.265 6.39667  -1.00069
14.27 6.39167  -1.00068
14.275 6.38666  -1.00067
14.28 6.38166  -1.00066
14.285 6.37666  -1.00066
14.29 6.37165  -1.00065
14.295 6.36665  -1.00064
14.3 6.36165  -1.00064
14.305 6.35664  -1.00063
14.31 6.35164  -1.00062
14.315 6.34664  -1.00062
14.32 6.34163  -1.00061
14.325 6.33663  -1.0006
14.33 6.33163  -1.0006
14.335 6.32663  -1.00059
14.34 6.32162  -1.00058
14.345 6.31662  -1.00058
14.35 6.31162  -1.00057
14.355 6.30661  -1.00056
14.36 6.30161  -1.00056
14.365 6.29661  -1.00055
14.37 6.29161  -1.00054
14.375 6.2866  -1.00054
14.38 6.2816  -1.00053
14.385 6.2766  -1.00053
14.39 6.2716  -1.00052
14.395 6.26659  -1.00052
14.4 6.26159  -1.00051
14.405 6.25659  -1.0005
14.41 6.25159  -1.0005
14.415 6.24658  -1.00049
14.42 6.24158  -1.00049
14.425 6.23658  -1.00048
14.43 6.23158  -1.00048
14.435 6.22657  -1.00047
14.44 6.22157  -1.00047
14.445 6.21657  -1.00046
14.45 6.21157  -1.00046
14.455 6.20656  -1.00045
14.46 6.20156  -1.00044
14.465 6.19656  -1.00044
14.47 6.19156  -1.00043
14.475 6.18656  -1.00043
14.48 6.18155  -1.00042
14.485 6.17655  -1.00042
14.49 6.17155  -1.00042
14.495 6.16655  -1.00041
14.5 6.16154  -1.00041
14.505 6.15654  -1.0004
14.51 6.15154  -1.0004
14.515 6.14654  -1.00039
14.52 6.14154  -1.00039
14.525 6.13653  -1.00038
14.53 6.13153  -1.00038
14.535 6.12653  -1.00037
14.54 6.12153  -1.00037
14.545 6.11653  -1.00037
14.55 6.11153  -1.00036
14.555 6.10652  -1.00036
14.56 6.10152  -1.00035
14.565 6.09652  -1.00035
14.57 6.09152  -1.00034
14.575 6.08652  -1.00034
14.58 6.08152  -1.00034
14.585 6.07651  -1.00033
14.59 6.07151  -1.00033
14.595 6.06651  -1.00032
14.6 6.06151  -1.00032
14.605 6.05651  -1.00032
14.61 6.05151  -1.00031
14.615 6.0465  -1.00031
14.62 6.0415  -1.0003
14.625 6.0365  -1.0003
14.63 6.0315  -1.0003
14.635 6.0265  -1.00029
14.64 6.0215  -1.00029
14.645 6.01649  -1.00029
14.65 6.01149  -1.00028
14.655 6.00649  -1.00028
14.66 6.00149  -1.00028
14.665 5.99649  -1.00027
14.67 5.99149  -1.00027
14.675 5.98649  -1.00027
14.68 5.98149  -1.00026
14.685 5.97648  -1.00026
14.69 5.97148  -1.00026
14.695 5.96648  -1.00025
14.7 5.96148  -1.00025
14.705 5.95648  -1.00025
14.71 5.95148  -1.00024
14.715 5.94648  -1.00024
14.72 5.94148  -1.00024
14.725 5.93647  -1.00023
14.73 5.93147  -1.00023
14.735 5.92647  -1.00023
14.74 5.92147  -1.00022
14.745 5.91647  -1.00022
14.75 5.91147  -1.00022
14.755 5.90647  -1.00022
14.76 5.90147  -1.00021
14.765 5.89647  -1.00021
14.77 5.89146  -1.00021
14.775 5.88646  -1.0002
14.78 5.88146  -1.0002
14.785 5.87646  -1.0002
14.79 5.87146  -1.0002
14.795 5.86646  -1.00019
14.8 5.86146  -1.00019
14.805 5.85646  -1.00019
14.81 5.85146  -1.00019
14.815 5.84646  -1.00018
14.82 5.84145  -1.00018
14.825 5.83645  -1.00018
14.83 5.83145  -1.00018
14.835 5.82645  -1.00017
14.84 5.82145  -1.00017
14.845 5.81645  -1.00017
14.85 5.81145  -1.00017
14.855 5.80645  -1.00016
14.86 5.80145  -1.00016
14.865 5.79645  -1.00016
14.87 5.79145  -1.00016
14.875 5.78645  -1.00015
14.88 5.78144  -1.00015
14.885 5.77644  -1.00015
14.89 5.77144  -1.00015
14.895 5.76644  -1.00015
14.9 5.76144  -1.00014
14.905 5.75644  -1.00014
14.91 5.75144  -1.00014
14.915 5.74644  -1.00014
14.92 5.74144  -1.00014
14.925 5.73644  -1.00013
14.93 5.73144  -1.00013
14.935 5.72644  -1.00013
14.94 5.72144  -1.00013
14.945 5.71644  -1.00013
14.95 5.71143  -1.00012
14.955 5.70643  -1.00012
14.96 5.70143  -1.00012
14.965 5.69643  -1.00012
14.97 5.69143  -1.00012
14.975 5.68643  -1.00011
14.98 5.68143  -1.00011
14.985 5.67643  -1.00011
14.99 5.67143  -1.00011
14.995 5.66643  -1.00011
15 5.66143  -1.0001
15.005 5.65643  -1.0001
15.01 5.65143  -1.0001
15.015 5.64643  -1.0001
15.02 5.64143  -1.0001
15.025 5.63643  -1.0001
15.03 5.63143  -1.00009
15.035 5.62643  -1.00009
15.04 5.62143  -1.00009
15.045 5.61642  -1.00009
15.05 5.61142  -1.00009
15.055 5.60642  -1.00009
15.06 5.60142  -1.00008
15.065 5.59642  -1.00008
15.07 5.59142  -1.00008
15.075 5.58642  -1.00008
15.08 5.58142  -1.00008
15.085 5.57642  -1.00008
15.09 5.57142  -1.00008
15.095 5.56642  -1.00007
15.1 5.56142  -1.00007
15.105 5.55642  -1.00007
15.11 5.55142  -1.00007
15.115 5.54642  -1.00007
15.12 5.54142  -1.00007
15.125 5.53642  -1.00007
15.13 5.53142  -1.00007
15.135 5.52642  -1.00006
15.14 5.52142  -1.00006
15.145 5.51642  -1.00006
15.15 5.51142  -1.00006
15.155 5.50642  -1.00006
15.16 5.50142  -1.00006
15.165 5.49642  -1.00006
15.17 5.49142  -1.00006
15.175 5.48642  -1.00005
15.18 5.48142  -1.00005
15.185 5.47642  -1.00005
15.19 5.47141  -1.00005
15.195 5.46641  -1.00005
15.2 5.46141  -1.00005
15.205 5.45641  -1.00005
15.21 5.45141  -1.00005
15.215 5.44641  -1.00004
15.22 5.44141  -1.00004
15.225 5.43641  -1.00004
15.23 5.43141  -1.00004
15.235 5.42641  -1.00004
15.24 5.42141  -1.00004
15.245 5.41641  -1.00004
15.25 5.41141  -1.00004
15.255 5.40641  -1.00004
15.26 5.40141  -1.00004
15.265 5.39641  -1.00004
15.27 5.39141  -1.00003
15.275 5.38641  -1.00003
15.28 5.38141  -1.00003
15.285 5.37641  -1.00003
15.29 5.37141  -1.00003
15.295 5.36641  -1.00003
15.3 5.36141  -1.00003
15.305 5.35641  -1.00003
15.31 5.35141  -1.00003
15.315 5.34641  -1.00003
15.32 5.34141  -1.00003
15.325 5.33641  -1.00003
15.33 5.33141  -1.00002
15.335 5.32641  -1.00002
15.34 5.32141  -1.00002
15.345 5.31641  -1.00002
15.35 5.31141  -1.00002
15.355 5.30641  -1.00002
15.36 5.30141  -1.00002
15.365 5.29641  -1.00002
15.37 5.29141  -1.00002
15.375 5.28641  -1.00002
15.38 5.28141  -1.00002
15.385 5.27641  -1.00002
15.39 5.27141  -1.00002
15.395 5.26641  -1.00002
15.4 5.26141  -1.00001
15.405 5.25641  -1.00001
15.41 5.25141  -1.00001
15.415 5.24641  -1.00001
15.42 5.24141  -1.00001
15.425 5.23641  -1.00001
15.43 5.23141  -1.00001
15.435 5.22641  -1.00001
15.44 5.22141  -1.00001
15.445 5.21641  -1.00001
15.45 5.21141  -1.00001
15.455 5.20641  -1.00001
15.46 5.20141  -1.00001
15.465 5.19641  -1.00001
15.47 5.19141  -1.00001
15.475 5.18641  -1.00001
15.48 5.18141  -1.00001
15.485 5.17641  -1.00001
15.49 5.17141  -1.00001
15.495 5.16641  -1.00001
15.5 5.16141  -1.00001
15.505 5.15641  -1.00001
15.51 5.15141  -1
15.515 5.14641  -1
15.52 5.14141  -1
15.525 5.13641  -1
15.53 5.13141  -1
15.535 5.12641  -1
15.54 5.12141  -1
15.545 5.11641  -1
15.55 5.11141  -1
15.555 5.10641  -1
15.56 5.10141  -1
15.565 5.09641  -1
15.57 5.09141  -1
15.575 5.08641  -1
15.58 5.08141  -1
15.585 5.07641  -1
15.59 5.07141  -1
15.595 5.06641  -1
15.6 5.06141  -1
15.605 5.05641  -1
15.61 5.05141  -1
15.615 5.04641  -1
15.62 5.04141  -1
15.625 5.03641  -1
15.63 5.03141  -1
15.635 5.02641  -1
15.64 5.02141  -1
15.645 5.01641  -1
15.65 5.01141  -1
15.655 5.00641  -1
15.66 5.00141  -1
15.665 4.99641  -1
15.67 4.99141  -1
15.675 4.98641  -1
15.68 4.98141  -1
15.685 4.97641  -1
15.69 4.97141  -1
15.695 4.96641  -1
15.7 4.96141  -1
15.705 4.95641  -1
15.71 4.95141  -1
15.715 4.94641  -1
15.72 4.94141  -1
15.725 4.93641  -1
15.73 4.93141  -1
15.735 4.92641  -1
15.74 4.92141  -1
15.745 4.91641  -1
15.75 4.91141  -1
15.755 4.90641  -1
15.76 4.90141  -1
15.765 4.89641  -1
15.77 4.89141  -1
15.775 4.88641  -1
15.78 4.88141  -1
15.785 4.87641  -1
15.79 4.87141  -1
15.795 4.86641  -1
15.8 4.86141  -1
15.805 4.85641  -1
15.81 4.85141  -1
15.815 4.84641  -1.00001
15.82 4.84141  -1.00001
15.825 4.83641  -1.00001
15.83 4.83141  -1.00001
15.835 4.82641  -1.00001
15.84 4.82141  -1.00001
15.845 4.81641  -1.00001
15.85 4.81141  -1.00001
15.855 4.80641  -1.00001
15.86 4.80141  -1.00001
15.865 4.79641  -1.00001
15.87 4.79141  -1.00001
15.875 4.78641  -1.00001
15.88 4.78141  -1.00001
15.885 4.77641  -1.00001
15.89 4.77141  -1.00001
15.895 4.76641  -1.00001
15.9 4.76141  -1.00001
15.905 4.75641  -1.00001
15.91 4.75141  -1.00001
15.915 4.74641  -1.00001
15.92 4.74141  -1.00001
15.925 4.73641  -1.00002
15.93 4.73141  -1.00002
15.935 4.72641  -1.00002
15.94 4.72141  -1.00002
15.945 4.71641  -1.00002
15.95 4.71141  -1.00002
15.955 4.70641  -1.00002
15.96 4.70141  -1.00002
15.965 4.69641  -1.00002
15.97 4.6914  -1.00002
15.975 4.6864  -1.00002
15.98 4.6814  -1.00002
15.985 4.6764  -1.00002
15.99 4.6714  -1.00002
15.995 4.6664  -1.00002
16 4.6614  -1.00003
16.005 4.6564  -1.00003
16.01 4.6514  -1.00003
16.015 4.6464  -1.00003
16.02 4.6414  -1.00003
16.025 4.6364  -1.00003
16.03 4.6314  -1.00003
16.035 4.6264  -1.00003
16.04 4.6214  -1.00003
16.045 4.6164  -1.00003
16.05 4.6114  -1.00003
16.055 4.6064  -1.00003
16.06 4.6014  -1.00004
16.065 4.5964  -1.00004
16.07 4.5914  -1.00004
16.075 4.5864  -1.00004
16.08 4.5814  -1.00004
16.085 4.5764  -1.00004
16.09 4.5714  -1.00004
16.095 4.5664  -1.00004
16.1 4.5614  -1.00004
16.105 4.5564  -1.00004
16.11 4.5514  -1.00005
16.115 4.5464  -1.00005
16.12 4.5414  -1.00005
16.125 4.5364  -1.00005
16.13 4.5314  -1.00005
16.135 4.5264  -1.00005
16.14 4.5214  -1.00005
16.145 4.5164  -1.00005
16.15 4.5114  -1.00005
16.155 4.5064  -1.00006
16.16 4.5014  -1.00006
16.165 4.4964  -1.00006
16.17 4.4914  -1.00006
16.175 4.4864  -1.00006
16.18 4.4814  -1.00006
16.185 4.4764  -1.00006
16.19 4.4714  -1.00006
16.195 4.4664  -1.00007
16.2 4.4614  -1.00007
16.205 4.4564  -1.00007
16.21 4.45139  -1.00007
16.215 4.44639  -1.00007
16.22 4.44139  -1.00007
16.225 4.43639  -1.00007
16.23 4.43139  -1.00008
16.235 4.42639  -1.00008
16.24 4.42139  -1.00008
16.245 4.41639  -1.00008
16.25 4.41139  -1.00008
16.255 4.40639  -1.00008
16.26 4.40139  -1.00008
16.265 4.39639  -1.00009
16.27 4.39139  -1.00009
16.275 4.38639  -1.00009
16.28 4.38139  -1.00009
16.285 4.37639  -1.00009
16.29 4.37139  -1.00009
16.295 4.36639  -1.0001
16.3 4.36139  -1.0001
16.305 4.35639  -1.0001
16.31 4.35139  -1.0001
16.315 4.34639  -1.0001
16.32 4.34139  -1.0001
16.325 4.33638  -1.00011
16.33 4.33138  -1.00011
16.335 4.32638  -1.00011
16.34 4.32138  -1.00011
16.345 4.31638  -1.00011
16.35 4.31138  -1.00011
16.355 4.30638  -1.00012
16.36 4.30138  -1.00012
16.365 4.29638  -1.00012
16.37 4.29138  -1.00012
16.375 4.28638  -1.00012
16.38 4.28138  -1.00013
16.385 4.27638  -1.00013
16.39 4.27138  -1.00013
16.395 4.26638  -1.00013
16.4 4.26138  -1.00013
16.405 4.25638  -1.00014
16.41 4.25137  -1.00014
16.415 4.24637  -1.00014
16.42 4.24137  -1.00014
16.425 4.23637  -1.00014
16.43 4.23137  -1.00015
16.435 4.22637  -1.00015
16.44 4.22137  -1.00015
16.445 4.21637  -1.00015
16.45 4.21137  -1.00016
16.455 4.20637  -1.00016
16.46 4.20137  -1.00016
16.465 4.19637  -1.00016
16.47 4.19137  -1.00016
16.475 4.18636  -1.00017
16.48 4.18136  -1.00017
16.485 4.17636  -1.00017
16.49 4.17136  -1.00017
16.495 4.16636  -1.00018
16.5 4.16136  -1.00018
16.505 4.15636  -1.00018
16.51 4.15136  -1.00018
16.515 4.14636  -1.00019
16.52 4.14136  -1.00019
16.525 4.13636  -1.00019
16.53 4.13135  -1.0002
16.535 4.12635  -1.0002
16.54 4.12135  -1.0002
16.545 4.11635  -1.0002
16.55 4.11135  -1.00021
16.555 4.10635  -1.00021
16.56 4.10135  -1.00021
16.565 4.09635  -1.00021
16.57 4.09135  -1.00022
16.575 4.08635  -1.00022
16.58 4.08134  -1.00022
16.585 4.07634  -1.00023
16.59 4.07134  -1.00023
16.595 4.06634  -1.00023
16.6 4.06134  -1.00024
16.605 4.05634  -1.00024
16.61 4.05134  -1.00024
16.615 4.04634  -1.00024
16.62 4.04133  -1.00025
16.625 4.03633  -1.00025
16.63 4.03133  -1.00025
16.635 4.02633  -1.00026
16.64 4.02133  -1.00026
16.645 4.01633  -1.00026
16.65 4.01133  -1.00027
16.655 4.00633  -1.00027
16.66 4.00132  -1.00027
16.665 3.99632  -1.00028
16.67 3.99132  -1.00028
16.675 3.98632  -1.00028
16.68 3.98132  -1.00029
16.685 3.97632  -1.00029
16.69 3.97132  -1.0003
16.695 3.96631  -1.0003
16.7 3.96131  -1.0003
16.705 3.95631  -1.00031
16.71 3.95131  -1.00031
16.715 3.94631  -1.00031
16.72 3.94131  -1.00032
16.725 3.9363  -1.00032
16.73 3.9313  -1.00033
16.735 3.9263  -1.00033
16.74 3.9213  -1.00033
16.745 3.9163  -1.00034
16.75 3.9113  -1.00034
16.755 3.90629  -1.00035
16.76 3.90129  -1.00035
16.765 3.89629  -1.00035
16.77 3.89129  -1.00036
16.775 3.88629  -1.00036
16.78 3.88129  -1.00037
16.785 3.87628  -1.00037
16.79 3.87128  -1.00038
16.795 3.86628  -1.00038
16.8 3.86128  -1.00038
16.805 3.85628  -1.00039
16.81 3.85127  -1.00039
16.815 3.84627  -1.0004
16.82 3.84127  -1.0004
16.825 3.83627  -1.00041
16.83 3.83127  -1.00041
16.835 3.82626  -1.00042
16.84 3.82126  -1.00042
16.845 3.81626  -1.00043
16.85 3.81126  -1.00043
16.855 3.80626  -1.00044
16.86 3.80125  -1.00044
16.865 3.79625  -1.00045
16.87 3.79125  -1.00045
16.875 3.78625  -1.00046
16.88 3.78124  -1.00046
16.885 3.77624  -1.00047
16.89 3.77124  -1.00047
16.895 3.76624  -1.00048
16.9 3.76124  -1.00048
16.905 3.75623  -1.00049
16.91 3.75123  -1.0005
16.915 3.74623  -1.0005
16.92 3.74123  -1.00051
16.925 3.73622  -1.00051
16.93 3.73122  -1.00052
16.935 3.72622  -1.00052
16.94 3.72121  -1.00053
16.945 3.71621  -1.00054
16.95 3.71121  -1.00054
16.955 3.70621  -1.00055
16.96 3.7012  -1.00055
16.965 3.6962  -1.00056
16.97 3.6912  -1.00057
16.975 3.6862  -1.00057
16.98 3.68119  -1.00058
16.985 3.67619  -1.00059
16.99 3.67119  -1.00059
16.995 3.66618  -1.0006
17 3.66118  -1.0006
17.005 3.65618  -1.00061
17.01 3.65117  -1.00062
17.015 3.64617  -1.00063
17.02 3.64117  -1.00063
17.025 3.63617  -1.00064
17.03 3.63116  -1.00065
17.035 3.62616  -1.00065
17.04 3.62116  -1.00066
17.045 3.61615  -1.00067
17.05 3.61115  -1.00067
17.055 3.60615  -1.00068
17.06 3.60114  -1.00069
17.065 3.59614  -1.0007
17.07 3.59114  -1.0007
17.075 3.58613  -1.00071
17.08 3.58113  -1.00072
17.085 3.57612  -1.00073
17.09 3.57112  -1.00074
17.095 3.56612  -1.00074
17.1 3.56111  -1.00075
17.105 3.55611  -1.00076
17.11 3.55111  -1.00077
17.115 3.5461  -1.00078
17.12 3.5411  -1.00079
17.125 3.53609  -1.00079
17.13 3.53109  -1.0008
17.135 3.52609  -1.00081
17.14 3.52108  -1.00082
17.145 3.51608  -1.00083
17.15 3.51107  -1.00084
17.155 3.50607  -1.00085
17.16 3.50107  -1.00086
17.165 3.49606  -1.00087
17.17 3.49106  -1.00087
17.175 3.48605  -1.00088
17.18 3.48105  -1.00089
17.185 3.47604  -1.0009
17.19 3.47104  -1.00091
17.195 3.46603  -1.00092
17.2 3.46103  -1.00093
17.205 3.45602  -1.00094
17.21 3.45102  -1.00095
17.215 3.44602  -1.00096
17.22 3.44101  -1.00097
17.225 3.43601  -1.00098
17.23 3.431  -1.00099
17.235 3.426  -1.001
17.24 3.42099  -1.00102
17.245 3.41599  -1.00103
17.25 3.41098  -1.00104
17.255 3.40598  -1.00105
17.26 3.40097  -1.00106
17.265 3.39596  -1.00107
17.27 3.39096  -1.00108
17.275 3.38595  -1.00109
17.28 3.38095  -1.00111
17.285 3.37594  -1.00112
17.29 3.37094  -1.00113
17.295 3.36593  -1.00114
17.3 3.36093  -1.00115
17.305 3.35592  -1.00117
17.31 3.35091  -1.00118
17.315 3.34591  -1.00119
17.32 3.3409  -1.0012
17.325 3.3359  -1.00122
17.33 3.33089  -1.00123
17.335 3.32588  -1.00124
17.34 3.32088  -1.00126
17.345 3.31587  -1.00127
17.35 3.31086  -1.00128
17.355 3.30586  -1.0013
17.36 3.30085  -1.00131
17.365 3.29585  -1.00132
17.37 3.29084  -1.00134
17.375 3.28583  -1.00135
17.38 3.28082  -1.00137
17.385 3.27582  -1.00138
17.39 3.27081  -1.0014
17.395 3.2658  -1.00141
17.4 3.2608  -1.00143
17.405 3.25579  -1.00144
17.41 3.25078  -1.00146
17.415 3.24578  -1.00147
17.42 3.24077  -1.00149
17.425 3.23576  -1.00151
17.43 3.23075  -1.00152
17.435 3.22575  -1.00154
17.44 3.22074  -1.00155
17.445 3.21573  -1.00157
17.45 3.21072  -1.00159
17.455 3.20571  -1.00161
17.46 3.20071  -1.00162
17.465 3.1957  -1.00164
17.47 3.19069  -1.00166
17.475 3.18568  -1.00168
17.48 3.18067  -1.00169
17.485 3.17566  -1.00171
17.49 3.17066  -1.00173
17.495 3.16565  -1.00175
17.5 3.16064  -1.00177
17.505 3.15563  -1.00179
17.51 3.15062  -1.00181
17.515 3.14561  -1.00183
17.52 3.1406  -1.00184
17.525 3.13559  -1.00186
17.53 3.13058  -1.00188
17.535 3.12557  -1.00191
17.54 3.12056  -1.00193
17.545 3.11555  -1.00195
17.55 3.11054  -1.00197
17.555 3.10553  -1.00199
17.56 3.10052  -1.00201
17.565 3.09551  -1.00203
17.57 3.0905  -1.00205
17.575 3.08549  -1.00208
17.58 3.08048  -1.0021
17.585 3.07547  -1.00212
17.59 3.07046  -1.00215
17.595 3.06545  -1.00217
17.6 3.06044  -1.00219
17.605 3.05543  -1.00222
17.61 3.05042  -1.00224
17.615 3.04541  -1.00226
17.62 3.0404  -1.00229
17.625 3.03538  -1.00231
17.63 3.03037  -1.00234
17.635 3.02536  -1.00237
17.64 3.02035  -1.00239
17.645 3.01534  -1.00242
17.65 3.01032  -1.00244
17.655 3.00531  -1.00247
17.66 3.0003  -1.0025
17.665 2.99529  -1.00253
17.67 2.99027  -1.00255
17.675 2.98526  -1.00258
17.68 2.98025  -1.00261
17.685 2.97524  -1.00264
17.69 2.97022  -1.00267
17.695 2.96521  -1.0027
17.7 2.9602  -1.00273
17.705 2.95518  -1.00276
17.71 2.95017  -1.00279
17.715 2.94515  -1.00282
17.72 2.94014  -1.00285
17.725 2.93513  -1.00288
17.73 2.93011  -1.00291
17.735 2.9251  -1.00295
17.74 2.92008  -1.00298
17.745 2.91507  -1.00301
17.75 2.91005  -1.00305
17.755 2.90504  -1.00308
17.76 2.90002  -1.00311
17.765 2.89501  -1.00315
17.77 2.88999  -1.00318
17.775 2.88497  -1.00322
17.78 2.87996  -1.00326
17.785 2.87494  -1.00329
17.79 2.86992  -1.00333
17.795 2.86491  -1.00337
17.8 2.85989  -1.00341
17.805 2.85487  -1.00344
17.81 2.84986  -1.00348
17.815 2.84484  -1.00352
17.82 2.83982  -1.00356
17.825 2.8348  -1.0036
17.83 2.82978  -1.00364
17.835 2.82477  -1.00368
17.84 2.81975  -1.00373
17.845 2.81473  -1.00377
17.85 2.80971  -1.00381
17.855 2.80469  -1.00386
17.86 2.79967  -1.0039
17.865 2.79465  -1.00394
17.87 2.78963  -1.00399
17.875 2.78461  -1.00404
17.88 2.77959  -1.00408
17.885 2.77457  -1.00413
17.89 2.76955  -1.00418
17.895 2.76453  -1.00422
17.9 2.75951  -1.00427
17.905 2.75449  -1.00432
17.91 2.74947  -1.00437
17.915 2.74444  -1.00442
17.92 2.73942  -1.00447
17.925 2.7344  -1.00453
17.93 2.72938  -1.00458
17.935 2.72435  -1.00463
17.94 2.71933  -1.00469
17.945 2.71431  -1.00474
17.95 2.70928  -1.0048
17.955 2.70426  -1.00485
17.96 2.69923  -1.00491
17.965 2.69421  -1.00497
17.97 2.68918  -1.00503
17.975 2.68416  -1.00508
17.98 2.67913  -1.00514
17.985 2.67411  -1.00521
17.99 2.66908  -1.00527
17.995 2.66405  -1.00533
18 2.65903  -1.00539
18.005 2.654  -1.00546
18.01 2.64897  -1.00552
18.015 2.64395  -1.00559
18.02 2.63892  -1.00565
18.025 2.63389  -1.00572
18.03 2.62886  -1.00579
18.035 2.62383  -1.00586
18.04 2.6188  -1.00593
18.045 2.61377  -1.006
18.05 2.60874  -1.00607
18.055 2.60371  -1.00615
18.06 2.59868  -1.00622
18.065 2.59365  -1.0063
18.07 2.58862  -1.00637
18.075 2.58358  -1.00645
18.08 2.57855  -1.00653
18.085 2.57352  -1.00661
18.09 2.56849  -1.00669
18.095 2.56345  -1.00677
18.1 2.55842  -1.00685
18.105 2.55338  -1.00694
18.11 2.54835  -1.00702
18.115 2.54331  -1.00711
18.12 2.53828  -1.00719
18.125 2.53324  -1.00728
18.13 2.52821  -1.00737
18.135 2.52317  -1.00746
18.14 2.51813  -1.00756
18.145 2.51309  -1.00765
18.15 2.50805  -1.00774
18.155 2.50302  -1.00784
18.16 2.49798  -1.00794
18.165 2.49294  -1.00804
18.17 2.4879  -1.00814
18.175 2.48285  -1.00824
18.18 2.47781  -1.00834
18.185 2.47277  -1.00845
18.19 2.46773  -1.00856
18.195 2.46269  -1.00866
18.2 2.45764  -1.00877
18.205 2.4526  -1.00888
18.21 2.44755  -1.009
18.215 2.44251  -1.00911
18.22 2.43746  -1.00923
18.225 2.43242  -1.00934
18.23 2.42737  -1.00946
18.235 2.42232  -1.00958
18.24 2.41727  -1.00971
18.245 2.41222  -1.00983
18.25 2.40717  -1.00996
18.255 2.40212  -1.01009
18.26 2.39707  -1.01022
18.265 2.39202  -1.01035
18.27 2.38697  -1.01048
18.275 2.38192  -1.01062
18.28 2.37686  -1.01076
18.285 2.37181  -1.0109
18.29 2.36675  -1.01104
18.295 2.3617  -1.01118
18.3 2.35664  -1.01133
18.305 2.35159  -1.01148
18.31 2.34653  -1.01163
18.315 2.34147  -1.01178
18.32 2.33641  -1.01194
18.325 2.33135  -1.0121
18.33 2.32629  -1.01226
18.335 2.32123  -1.01242
18.34 2.31617  -1.01259
18.345 2.3111  -1.01275
18.35 2.30604  -1.01293
18.355 2.30097  -1.0131
18.36 2.29591  -1.01327
18.365 2.29084  -1.01345
18.37 2.28577  -1.01363
18.375 2.2807  -1.01382
18.38 2.27563  -1.01401
18.385 2.27056  -1.0142
18.39 2.26549  -1.01439
18.395 2.26042  -1.01458
18.4 2.25535  -1.01478
18.405 2.25027  -1.01499
18.41 2.2452  -1.01519
18.415 2.24012  -1.0154
18.42 2.23504  -1.01561
18.425 2.22996  -1.01583
18.43 2.22488  -1.01605
18.435 2.2198  -1.01627
18.44 2.21472  -1.01649
18.445 2.20964  -1.01672
18.45 2.20455  -1.01696
18.455 2.19947  -1.01719
18.46 2.19438  -1.01743
18.465 2.18929  -1.01768
18.47 2.18421  -1.01793
18.475 2.17912  -1.01818
18.48 2.17402  -1.01844
18.485 2.16893  -1.0187
18.49 2.16384  -1.01896
18.495 2.15874  -1.01923
18.5 2.15364  -1.01951
18.505 2.14855  -1.01979
18.51 2.14345  -1.02007
18.515 2.13835  -1.02036
18.52 2.13324  -1.02065
18.525 2.12814  -1.02095
18.53 2.12303  -1.02125
18.535 2.11793  -1.02156
18.54 2.11282  -1.02187
18.545 2.10771  -1.02219
18.55 2.1026  -1.02251
18.555 2.09748  -1.02284
18.56 2.09237  -1.02318
18.565 2.08725  -1.02352
18.57 2.08213  -1.02386
18.575 2.07701  -1.02422
18.58 2.07189  -1.02457
18.585 2.06677  -1.02494
18.59 2.06164  -1.02531
18.595 2.05651  -1.02569
18.6 2.05138  -1.02607
18.605 2.04625  -1.02646
18.61 2.04112  -1.02686
18.615 2.03598  -1.02726
18.62 2.03085  -1.02767
18.625 2.02571  -1.02809
18.63 2.02057  -1.02852
18.635 2.01542  -1.02895
18.64 2.01028  -1.02939
18.645 2.00513  -1.02984
18.65 1.99998  -1.0303
18.655 1.99483  -1.03077
18.66 1.98967  -1.03124
18.665 1.98451  -1.03172
18.67 1.97935  -1.03221
18.675 1.97419  -1.03271
18.68 1.96903  -1.03322
18.685 1.96386  -1.03374
18.69 1.95869  -1.03427
18.695 1.95352  -1.03481
18.7 1.94834  -1.03536
18.705 1.94316  -1.03591
18.71 1.93798  -1.03648
18.715 1.9328  -1.03706
18.72 1.92761  -1.03765
18.725 1.92242  -1.03825
18.73 1.91723  -1.03886
18.735 1.91203  -1.03949
18.74 1.90683  -1.04012
18.745 1.90163  -1.04077
18.75 1.89643  -1.04143
18.755 1.89122  -1.0421
18.76 1.886  -1.04278
18.765 1.88079  -1.04348
18.77 1.87557  -1.04419
18.775 1.87035  -1.04492
18.78 1.86512  -1.04566
18.785 1.85989  -1.04641
18.79 1.85466  -1.04718
18.795 1.84942  -1.04796
18.8 1.84418  -1.04876
18.805 1.83893  -1.04957
18.81 1.83368  -1.0504
18.815 1.82843  -1.05125
18.82 1.82317  -1.05211
18.825 1.81791  -1.05299
18.83 1.81264  -1.05389
18.835 1.80737  -1.05481
18.84 1.80209  -1.05574
18.845 1.79681  -1.05669
18.85 1.79152  -1.05767
18.855 1.78623  -1.05866
18.86 1.78094  -1.05967
18.865 1.77564  -1.0607
18.87 1.77033  -1.06176
18.875 1.76502  -1.06284
18.88 1.7597  -1.06393
18.885 1.75438  -1.06505
18.89 1.74905  -1.0662
18.895 1.74372  -1.06737
18.9 1.73838  -1.06856
18.905 1.73303  -1.06978
18.91 1.72768  -1.07102
18.915 1.72232  -1.07229
18.92 1.71696  -1.07359
18.925 1.71159  -1.07491
18.93 1.70621  -1.07627
18.935 1.70082  -1.07765
18.94 1.69543  -1.07906
18.945 1.69003  -1.0805
18.95 1.68463  -1.08198
18.955 1.67921  -1.08349
18.96 1.67379  -1.08502
18.965 1.66836  -1.0866
18.97 1.66293  -1.08821
18.975 1.65748  -1.08985
18.98 1.65203  -1.09153
18.985 1.64656  -1.09325
18.99 1.64109  -1.095
18.995 1.63561  -1.0968
19 1.63013  -1.09864
19.005 1.62463  -1.10051
19.01 1.61912  -1.10243
19.015 1.6136  -1.1044
19.02 1.60808  -1.10641
19.025 1.60254  -1.10847
19.03 1.59699  -1.11057
19.035 1.59143  -1.11272
19.04 1.58587  -1.11493
19.045 1.58029  -1.11718
19.05 1.57469  -1.11949
19.055 1.56909  -1.12185
19.06 1.56347  -1.12427
19.065 1.55785  -1.12675
19.07 1.55221  -1.12928
19.075 1.54655  -1.13188
19.08 1.54089  -1.13454
19.085 1.53521  -1.13727
19.09 1.52952  -1.14006
19.095 1.52381  -1.14292
19.1 1.51809  -1.14585
19.105 1.51235  -1.14885
19.11 1.5066  -1.15192
19.115 1.50083  -1.15508
19.12 1.49505  -1.15831
19.125 1.48925  -1.16162
19.13 1.48343  -1.16502
19.135 1.4776  -1.1685
19.14 1.47175  -1.17207
19.145 1.46588  -1.17574
19.15 1.45999  -1.17949
19.155 1.45408  -1.18335
19.16 1.44816  -1.1873
19.165 1.44221  -1.19136
19.17 1.43624  -1.19552
19.175 1.43025  -1.1998
19.18 1.42424  -1.20418
19.185 1.41821  -1.20868
19.19 1.41216  -1.21331
19.195 1.40608  -1.21805
19.2 1.39998  -1.22292
19.205 1.39385  -1.22792
19.21 1.3877  -1.23306
19.215 1.38152  -1.23834
19.22 1.37531  -1.24376
19.225 1.36908  -1.24933
19.23 1.36282  -1.25505
19.235 1.35653  -1.26093
19.24 1.35021  -1.26697
19.245 1.34386  -1.27318
19.25 1.33748  -1.27956
19.255 1.33107  -1.28612
19.26 1.32462  -1.29286
19.265 1.31814  -1.29979
19.27 1.31162  -1.30691
19.275 1.30507  -1.31423
19.28 1.29848  -1.32176
19.285 1.29185  -1.32949
19.29 1.28518  -1.33744
19.295 1.27848  -1.34562
19.3 1.27173  -1.35402
19.305 1.26494  -1.36265
19.31 1.2581  -1.37153
19.315 1.25122  -1.38064
19.32 1.24429  -1.39001
19.325 1.23732  -1.39963
19.33 1.2303  -1.40951
19.335 1.22323  -1.41965
19.34 1.2161  -1.43005
19.345 1.20892  -1.44072
19.35 1.20169  -1.45166
19.355 1.19441  -1.46287
19.36 1.18707  -1.47435
19.365 1.17966  -1.48609
19.37 1.1722  -1.49808
19.375 1.16468  -1.51033
19.38 1.1571  -1.52282
19.385 1.14946  -1.53553
19.39 1.14175  -1.54845
19.395 1.13397  -1.56154
19.4 1.12613  -1.57479
19.405 1.11822  -1.58815
19.41 1.11025  -1.60158
19.415 1.10221  -1.61502
19.42 1.0941  -1.6284
19.425 1.08592  -1.64164
19.43 1.07768  -1.65464
19.435 1.06938  -1.66728
19.44 1.06101  -1.67942
19.445 1.05258  -1.6909
19.45 1.0441  -1.7015
19.455 1.03557  -1.71101
19.46 1.02699  -1.71913
19.465 1.01838  -1.72554
19.47 1.00974  -1.72985
19.475 1.00108  -1.73163
19.48 0.992419  -1.73034
19.485 0.983775  -1.72539
19.49 0.975165  -1.7161
19.495 0.966614  -1.70167
19.5 0.958148  -1.68124
19.505 0.949801  -1.65383
19.51 0.94161  -1.61838
19.515 0.933617  -1.57376
19.52 0.925872  -1.5188
19.525 0.918429  -1.45233
19.53 0.911349  -1.37324
19.535 0.904697  -1.28059
19.54 0.898543  -1.17367
19.545 0.89296  -1.05213
19.55 0.888022  -0.916102
19.555 0.883799  -0.76628
19.56 0.880359  -0.604013
19.565 0.877759  -0.431312
19.57 0.876046  -0.250806
19.575 0.875251  -0.0656189
19.58 0.87539  0.12081
19.585 0.876459  0.304958
19.59 0.878439  0.483457
19.595 0.881294  0.653312
19.6 0.884972  0.812069
19.605 0.889415  0.957913
19.61 0.894552  1.08969
19.615 0.900311  1.20689
19.62 0.90662  1.30952
19.625 0.913407  1.39806
19.63 0.920601  1.4733
19.635 0.92814  1.53624
19.64 0.935964  1.58801
19.645 0.94402  1.62979
19.65 0.952261  1.66275
19.655 0.960647  1.68798
19.66 0.969141  1.70653
19.665 0.977713  1.71935
19.67 0.986335  1.72728
19.675 0.994985  1.73108
19.68 1.00365  1.7314
19.685 1.0123  1.72882
19.69 1.02093  1.72384
19.695 1.02954  1.71688
19.7 1.0381  1.70832
19.705 1.04662  1.69846
19.71 1.05509  1.68757
19.715 1.0635  1.67588
19.72 1.07185  1.66358
19.725 1.08013  1.65081
19.73 1.08835  1.63773
19.735 1.09651  1.62444
19.74 1.1046  1.61104
19.745 1.11262  1.59759
19.75 1.12057  1.58418
19.755 1.12846  1.57085
19.76 1.13628  1.55764
19.765 1.14404  1.5446
19.77 1.15173  1.53174
19.775 1.15936  1.51909
19.78 1.16692  1.50667
19.785 1.17442  1.4945
19.79 1.18186  1.48258
19.795 1.18925  1.47092
19.8 1.19657  1.45952
19.805 1.20384  1.44839
19.81 1.21106  1.43753
19.815 1.21822  1.42694
19.82 1.22533  1.41661
19.825 1.23238  1.40655
19.83 1.23939  1.39675
19.835 1.24635  1.38721
19.84 1.25326  1.37792
19.845 1.26013  1.36887
19.85 1.26695  1.36007
19.855 1.27373  1.3515
19.86 1.28047  1.34317
19.865 1.28716  1.33506
19.87 1.29382  1.32718
19.875 1.30044  1.3195
19.88 1.30701  1.31204
19.885 1.31356  1.30478
19.89 1.32006  1.29771
19.895 1.32653  1.29084
19.9 1.33297  1.28416
19.905 1.33937  1.27765
19.91 1.34575  1.27132
19.915 1.35209  1.26516
19.92 1.3584  1.25917
19.925 1.36468  1.25334
19.93 1.37093  1.24766
19.935 1.37716  1.24214
19.94 1.38335  1.23676
19.945 1.38952  1.23152
19.95 1.39567  1.22643
19.955 1.40179  1.22146
19.96 1.40788  1.21663
19.965 1.41395  1.21192
19.97 1.42  1.20734
19.975 1.42603  1.20287
19.98 1.43203  1.19852
19.985 1.43801  1.19428
19.99 1.44397  1.19015
19.995 1.44991  1.18612
20 1.45584  1.1822
